0 0.8366666666666667 0.8845 0.013333333333333334 0.043
0 0.7626666666666667 0.884 0.013333333333333334 0.042
0 0.7013333333333334 0.884 0.013333333333333334 0.042
0 0.6046666666666667 0.884 0.013333333333333334 0.042
0 0.652 0.882 0.013333333333333334 0.04
0 0.633 0.883 0.012666666666666666 0.042
0 0.581 0.8835 0.012666666666666666 0.043
0 0.5566666666666666 0.883 0.013333333333333334 0.042
0 0.884 0.883 0.013333333333333334 0.044
0 0.7856666666666666 0.8815 0.014 0.043
0 0.9076666666666666 0.881 0.012666666666666666 0.044
0 0.7403333333333333 0.8795 0.012666666666666666 0.041
0 0.5333333333333333 0.8795 0.013333333333333334 0.043
0 0.86 0.877 0.017333333333333333 0.044
0 0.25466666666666665 0.8615 0.013333333333333334 0.043
0 0.156 0.8625 0.014666666666666666 0.045
0 0.208 0.86 0.014666666666666666 0.044
0 0.303 0.859 0.012666666666666666 0.044
0 0.2806666666666667 0.8585 0.013333333333333334 0.043
0 0.23166666666666666 0.859 0.014 0.044
0 0.18466666666666667 0.859 0.013333333333333334 0.044
0 0.675 0.8165 0.012666666666666666 0.041
0 0.63 0.8155 0.012 0.041
0 0.6533333333333333 0.815 0.013333333333333334 0.042
0 0.7023333333333334 0.814 0.012666666666666666 0.042
0 0.5843333333333334 0.8125 0.011333333333333334 0.041
0 0.741 0.812 0.012666666666666666 0.042
0 0.604 0.812 0.012 0.042
0 0.5343333333333333 0.812 0.012666666666666666 0.042
0 0.766 0.811 0.013333333333333334 0.042
0 0.7893333333333333 0.8095 0.014666666666666666 0.041
0 0.859 0.8095 0.014 0.043
0 0.813 0.8095 0.012666666666666666 0.043
0 0.5566666666666666 0.808 0.012 0.042
0 0.884 0.8075 0.014666666666666666 0.043
0 0.909 0.8065 0.015333333333333332 0.043
0 0.8383333333333334 0.8045 0.012666666666666666 0.043
0 0.20733333333333334 0.789 0.012 0.044
0 0.13566666666666666 0.7895 0.015333333333333332 0.045
0 0.185 0.7885 0.014 0.045
0 0.30466666666666664 0.786 0.014666666666666666 0.044
0 0.15733333333333333 0.784 0.012 0.044
0 0.281 0.783 0.014 0.044
0 0.25466666666666665 0.783 0.012 0.044
0 0.23466666666666666 0.783 0.014666666666666666 0.044
0 0.6543333333333333 0.745 0.012666666666666666 0.042
0 0.704 0.744 0.013333333333333334 0.042
0 0.6293333333333333 0.7435 0.012 0.041
0 0.6796666666666666 0.7415 0.012666666666666666 0.043
0 0.606 0.739 0.012 0.042
0 0.8116666666666666 0.738 0.014 0.042
0 0.5576666666666666 0.738 0.012666666666666666 0.042
0 0.5823333333333334 0.737 0.011333333333333334 0.042
0 0.535 0.737 0.012666666666666666 0.042
0 0.7883333333333333 0.7355 0.012666666666666666 0.041
0 0.7633333333333333 0.7355 0.012 0.041
0 0.9093333333333333 0.7355 0.014666666666666666 0.043
0 0.887 0.7345 0.012666666666666666 0.043
0 0.838 0.732 0.013333333333333334 0.042
0 0.7406666666666667 0.732 0.012 0.042
0 0.333 0.728 0.014 0.044
0 0.303 0.719 0.014 0.042
0 0.206 0.714 0.012 0.044
0 0.279 0.713 0.012666666666666666 0.044
0 0.25233333333333335 0.713 0.012666666666666666 0.044
0 0.16133333333333333 0.713 0.014666666666666666 0.044
0 0.13766666666666666 0.713 0.015333333333333332 0.044
0 0.23133333333333334 0.708 0.013333333333333334 0.044
0 0.63 0.676 0.012 0.042
0 0.708 0.6705 0.012 0.039
0 0.562 0.671 0.012 0.042
0 0.6816666666666666 0.6695 0.011333333333333334 0.041
0 0.654 0.67 0.012 0.042
0 0.6053333333333333 0.67 0.012 0.042
0 0.5843333333333334 0.6685 0.011333333333333334 0.039
0 0.5356666666666666 0.6665 0.011333333333333334 0.039
0 0.9123333333333333 0.663 0.014 0.042
0 0.738 0.663 0.012 0.042
0 0.8616666666666667 0.66 0.015333333333333332 0.042
0 0.8393333333333334 0.6605 0.013333333333333334 0.043
0 0.8136666666666666 0.66 0.014 0.042
0 0.792 0.66 0.013333333333333334 0.042
0 0.768 0.659 0.012 0.042
0 0.404 0.656 0.012 0.042
0 0.38066666666666665 0.655 0.014666666666666666 0.044
0 0.8846666666666667 0.6535 0.013333333333333334 0.043
0 0.5013333333333333 0.6535 0.014666666666666666 0.043
0 0.4766666666666667 0.6535 0.013333333333333334 0.043
0 0.3323333333333333 0.653 0.012666666666666666 0.042
0 0.4543333333333333 0.6525 0.014 0.043
0 0.3586666666666667 0.653 0.016 0.044
0 0.433 0.6495 0.016666666666666666 0.043
0 0.30233333333333334 0.6445 0.012666666666666666 0.043
0 0.13433333333333333 0.644 0.014 0.044
0 0.18233333333333332 0.643 0.012666666666666666 0.044
0 0.2813333333333333 0.6415 0.014666666666666666 0.043
0 0.15933333333333333 0.642 0.012 0.044
0 0.22933333333333333 0.641 0.012 0.044
0 0.20566666666666666 0.641 0.011333333333333334 0.044
0 0.25466666666666665 0.639 0.013333333333333334 0.044
0 0.6813333333333333 0.602 0.010666666666666666 0.03
0 0.657 0.6035 0.01 0.041
0 0.6316666666666667 0.5995 0.012666666666666666 0.037
0 0.6066666666666667 0.5985 0.013333333333333334 0.043
0 0.5616666666666666 0.5955 0.011333333333333334 0.037
0 0.705 0.597 0.012666666666666666 0.042
0 0.5833333333333334 0.597 0.012 0.042
0 0.5363333333333333 0.595 0.011333333333333334 0.04
0 0.8133333333333334 0.595 0.014666666666666666 0.042
0 0.7413333333333333 0.593 0.012 0.038
0 0.861 0.592 0.012666666666666666 0.042
0 0.788 0.5905 0.013333333333333334 0.039
0 0.7653333333333333 0.5905 0.012 0.039
0 0.889 0.5885 0.014 0.043
0 0.8356666666666667 0.5865 0.014 0.043
0 0.9123333333333333 0.585 0.014 0.044
0 0.38533333333333336 0.5815 0.014666666666666666 0.043
0 0.47933333333333333 0.5805 0.014666666666666666 0.043
0 0.4573333333333333 0.581 0.014666666666666666 0.044
0 0.335 0.5795 0.014 0.043
0 0.43166666666666664 0.578 0.014 0.044
0 0.3566666666666667 0.577 0.013333333333333334 0.044
0 0.4063333333333333 0.573 0.014 0.044
0 0.20533333333333334 0.5725 0.012 0.043
0 0.15766666666666668 0.573 0.014 0.044
0 0.502 0.572 0.014666666666666666 0.044
0 0.13466666666666666 0.571 0.013333333333333334 0.044
0 0.302 0.569 0.014666666666666666 0.044
0 0.18233333333333332 0.569 0.014 0.044
0 0.254 0.5665 0.013333333333333334 0.043
0 0.23033333333333333 0.567 0.012666666666666666 0.044
0 0.2783333333333333 0.566 0.014 0.044
0 0.6563333333333333 0.5315 0.012666666666666666 0.041
0 0.6066666666666667 0.5265 0.012 0.041
0 0.5833333333333334 0.5265 0.013333333333333334 0.041
0 0.6336666666666667 0.5255 0.011333333333333334 0.041
0 0.562 0.526 0.010666666666666666 0.042
0 0.5366666666666666 0.524 0.012 0.04
0 0.707 0.523 0.012666666666666666 0.042
0 0.6846666666666666 0.5225 0.012 0.041
0 0.861 0.515 0.014 0.042
0 0.9113333333333333 0.514 0.013333333333333334 0.042
0 0.8853333333333333 0.5145 0.014666666666666666 0.043
0 0.7666666666666667 0.5145 0.013333333333333334 0.043
0 0.837 0.513 0.012666666666666666 0.042
0 0.7916666666666666 0.511 0.012666666666666666 0.042
0 0.7416666666666667 0.5115 0.012666666666666666 0.043
0 0.814 0.5105 0.013333333333333334 0.043
0 0.5026666666666667 0.511 0.014666666666666666 0.044
0 0.455 0.5095 0.014 0.043
0 0.407 0.5085 0.012666666666666666 0.043
0 0.35633333333333334 0.507 0.011333333333333334 0.044
0 0.48033333333333333 0.506 0.014 0.044
0 0.43133333333333335 0.5055 0.013333333333333334 0.043
0 0.3343333333333333 0.5055 0.014 0.043
0 0.18333333333333332 0.5055 0.013333333333333334 0.043
0 0.13166666666666665 0.5065 0.014 0.045
0 0.16 0.505 0.014666666666666666 0.044
0 0.30433333333333334 0.5035 0.014 0.043
0 0.2813333333333333 0.5035 0.013333333333333334 0.043
0 0.38266666666666665 0.503 0.013333333333333334 0.044
0 0.20533333333333334 0.502 0.013333333333333334 0.044
0 0.25433333333333336 0.498 0.012666666666666666 0.042
0 0.22933333333333333 0.497 0.013333333333333334 0.044
0 0.634 0.456 0.012 0.042
0 0.5363333333333333 0.455 0.012666666666666666 0.042
0 0.5836666666666667 0.454 0.012666666666666666 0.042
0 0.56 0.454 0.012 0.042
0 0.7113333333333334 0.4515 0.012 0.041
0 0.661 0.4505 0.012666666666666666 0.043
0 0.6086666666666667 0.4505 0.012 0.043
0 0.679 0.449 0.012666666666666666 0.042
0 0.861 0.445 0.014 0.042
0 0.77 0.4435 0.012 0.043
0 0.8386666666666667 0.441 0.012 0.042
0 0.7433333333333333 0.4405 0.012 0.041
0 0.795 0.44 0.012666666666666666 0.042
0 0.888 0.4395 0.012 0.043
0 0.8163333333333334 0.4375 0.012666666666666666 0.043
0 0.38133333333333336 0.437 0.013333333333333334 0.044
0 0.9126666666666666 0.4355 0.013333333333333334 0.043
0 0.5023333333333333 0.436 0.015333333333333332 0.044
0 0.3576666666666667 0.4355 0.012666666666666666 0.043
0 0.47833333333333333 0.435 0.015333333333333332 0.044
0 0.43066666666666664 0.435 0.014666666666666666 0.044
0 0.134 0.435 0.013333333333333334 0.044
0 0.4066666666666667 0.434 0.014666666666666666 0.044
0 0.455 0.433 0.015333333333333332 0.044
0 0.2813333333333333 0.4315 0.013333333333333334 0.041
0 0.158 0.433 0.013333333333333334 0.044
0 0.25866666666666666 0.4305 0.013333333333333334 0.041
0 0.233 0.4315 0.014 0.043
0 0.332 0.4305 0.012 0.043
0 0.304 0.431 0.013333333333333334 0.044
0 0.184 0.431 0.012 0.044
0 0.20633333333333334 0.429 0.012666666666666666 0.044
0 0.6586666666666666 0.3815 0.013333333333333334 0.041
0 0.707 0.376 0.012666666666666666 0.042
0 0.6843333333333333 0.3765 0.012666666666666666 0.043
0 0.6316666666666667 0.3755 0.016666666666666666 0.043
0 0.7913333333333333 0.37 0.012 0.042
0 0.764 0.3685 0.013333333333333334 0.043
0 0.8653333333333333 0.3675 0.013333333333333334 0.043
0 0.7433333333333333 0.3675 0.012 0.043
0 0.914 0.366 0.014666666666666666 0.044
0 0.8886666666666667 0.364 0.012 0.042
0 0.815 0.364 0.012666666666666666 0.042
0 0.839 0.363 0.014 0.042
0 0.406 0.364 0.014666666666666666 0.044
0 0.502 0.361 0.013333333333333334 0.044
0 0.4563333333333333 0.3605 0.015333333333333332 0.043
0 0.2813333333333333 0.3595 0.012 0.041
0 0.382 0.3595 0.013333333333333334 0.043
0 0.337 0.3595 0.014 0.043
0 0.358 0.359 0.013333333333333334 0.044
0 0.305 0.358 0.012666666666666666 0.042
0 0.48133333333333334 0.358 0.014666666666666666 0.044
0 0.43233333333333335 0.3575 0.015333333333333332 0.043
0 0.18333333333333332 0.353 0.013333333333333334 0.044
0 0.15866666666666668 0.352 0.013333333333333334 0.044
0 0.25566666666666665 0.351 0.012666666666666666 0.044
0 0.13366666666666666 0.349 0.014 0.044
0 0.838 0.301 0.013333333333333334 0.042
0 0.7923333333333333 0.2985 0.012666666666666666 0.041
0 0.742 0.299 0.012 0.042
0 0.8143333333333334 0.2965 0.012666666666666666 0.043
0 0.7663333333333333 0.296 0.012666666666666666 0.042
0 0.888 0.2935 0.014666666666666666 0.043
0 0.8643333333333333 0.2935 0.015333333333333332 0.043
0 0.384 0.294 0.014666666666666666 0.044
0 0.9096666666666666 0.2925 0.012666666666666666 0.043
0 0.43266666666666664 0.293 0.013333333333333334 0.044
0 0.505 0.291 0.015333333333333332 0.044
0 0.481 0.291 0.015333333333333332 0.044
0 0.455 0.29 0.014 0.044
0 0.33366666666666667 0.289 0.014 0.044
0 0.36 0.288 0.016 0.044
0 0.407 0.287 0.014 0.044
0 0.25533333333333336 0.284 0.012 0.044
0 0.133 0.2845 0.012666666666666666 0.045
0 0.23033333333333333 0.28 0.012666666666666666 0.044
0 0.20666666666666667 0.279 0.013333333333333334 0.044
0 0.18133333333333335 0.279 0.013333333333333334 0.044
0 0.28 0.277 0.014666666666666666 0.044
0 0.305 0.276 0.015333333333333332 0.044
0 0.15833333333333333 0.2745 0.014 0.043
0 0.7873333333333333 0.2265 0.013333333333333334 0.043
0 0.7443333333333333 0.2265 0.014 0.043
0 0.8856666666666667 0.2215 0.014 0.041
0 0.8376666666666667 0.2225 0.012666666666666666 0.043
0 0.9103333333333333 0.2215 0.012666666666666666 0.043
0 0.8606666666666667 0.2215 0.013333333333333334 0.043
0 0.815 0.221 0.012666666666666666 0.042
0 0.7676666666666667 0.2215 0.012666666666666666 0.043
0 0.4796666666666667 0.218 0.015333333333333332 0.044
0 0.4083333333333333 0.218 0.014 0.044
0 0.335 0.218 0.014 0.044
0 0.503 0.215 0.015333333333333332 0.044
0 0.4553333333333333 0.215 0.014666666666666666 0.044
0 0.43533333333333335 0.214 0.017333333333333333 0.044
0 0.383 0.214 0.014 0.044
0 0.35933333333333334 0.2135 0.014666666666666666 0.043
0 0.25766666666666665 0.2125 0.014 0.045
0 0.30666666666666664 0.2105 0.016 0.043
0 0.2776666666666667 0.2065 0.015333333333333332 0.043
0 0.837 0.1505 0.014 0.043
0 0.8856666666666667 0.1485 0.014 0.043
0 0.863 0.148 0.012666666666666666 0.042
0 0.811 0.1475 0.012666666666666666 0.041
0 0.7886666666666666 0.1485 0.016 0.043
0 0.7426666666666667 0.1475 0.012 0.041
0 0.9096666666666666 0.1465 0.014 0.043
0 0.45466666666666666 0.1455 0.016 0.045
0 0.7656666666666667 0.143 0.014 0.042
0 0.5053333333333333 0.144 0.016 0.044
0 0.43466666666666665 0.1435 0.017333333333333333 0.043
0 0.4093333333333333 0.144 0.016 0.044
0 0.38266666666666665 0.1435 0.013333333333333334 0.045
0 0.478 0.142 0.013333333333333334 0.044
0 0.334 0.142 0.012 0.044
0 0.36033333333333334 0.1415 0.016666666666666666 0.045
0 0.8106666666666666 0.0795 0.013333333333333334 0.043
0 0.7643333333333333 0.0795 0.015333333333333332 0.043
0 0.741 0.0795 0.015333333333333332 0.043
0 0.8833333333333333 0.079 0.016 0.044
0 0.858 0.079 0.017333333333333333 0.044
0 0.908 0.078 0.017333333333333333 0.044
0 0.8363333333333334 0.077 0.016666666666666666 0.044
0 0.7916666666666666 0.0765 0.020666666666666667 0.043
0 0.4806666666666667 0.0745 0.017333333333333333 0.045
0 0.38566666666666666 0.073 0.016666666666666666 0.044
0 0.505 0.0725 0.016666666666666666 0.045
0 0.45766666666666667 0.072 0.016666666666666666 0.044
0 0.409 0.071 0.015333333333333332 0.044
0 0.3586666666666667 0.07 0.013333333333333334 0.044
0 0.3363333333333333 0.0705 0.014 0.045
0 0.433 0.0695 0.015333333333333332 0.045
0 0.2086111111111111 0.3525 0.020555555555555556 0.04833333333333333
0 0.43444444444444447 0.7966666666666666 0.020555555555555556 0.04833333333333333
0 0.6083333333333333 0.3016666666666667 0.020555555555555556 0.04833333333333333
0 0.1827777777777778 0.2075 0.020555555555555556 0.04833333333333333
0 0.7072222222222222 0.225 0.020555555555555556 0.04833333333333333
0 0.385 0.8683333333333333 0.020555555555555556 0.04833333333333333
0 0.5822222222222222 0.3 0.020555555555555556 0.04833333333333333
0 0.6833333333333333 0.30333333333333334 0.020555555555555556 0.04833333333333333
0 0.5605555555555556 0.075 0.020555555555555556 0.04833333333333333
0 0.5855555555555556 0.37833333333333335 0.020555555555555556 0.04833333333333333
0 0.5588888888888889 0.22916666666666666 0.020555555555555556 0.04833333333333333
0 0.6316666666666667 0.305 0.020555555555555556 0.04833333333333333
0 0.6577777777777778 0.07333333333333333 0.020555555555555556 0.04833333333333333
0 0.3572222222222222 0.7258333333333333 0.020555555555555556 0.04833333333333333
0 0.5033333333333333 0.8625 0.020555555555555556 0.04833333333333333
0 0.7066666666666667 0.14583333333333334 0.020555555555555556 0.04833333333333333
0 0.5044444444444445 0.795 0.020555555555555556 0.04833333333333333
0 0.35833333333333334 0.7966666666666666 0.020555555555555556 0.04833333333333333
0 0.71 0.07166666666666667 0.020555555555555556 0.04833333333333333
0 0.5844444444444444 0.225 0.020555555555555556 0.04833333333333333
0 0.5338888888888889 0.29833333333333334 0.020555555555555556 0.04833333333333333
0 0.5355555555555556 0.075 0.020555555555555556 0.04833333333333333
0 0.6816666666666666 0.07416666666666667 0.020555555555555556 0.04833333333333333
0 0.45222222222222225 0.8683333333333333 0.020555555555555556 0.04833333333333333
0 0.6566666666666666 0.3025 0.020555555555555556 0.04833333333333333
0 0.6355555555555555 0.07416666666666667 0.020555555555555556 0.04833333333333333
0 0.20777777777777778 0.20916666666666667 0.020555555555555556 0.04833333333333333
0 0.38333333333333336 0.7975 0.020555555555555556 0.04833333333333333
0 0.42944444444444446 0.7208333333333333 0.020555555555555556 0.04833333333333333
0 0.33555555555555555 0.795 0.020555555555555556 0.04833333333333333
0 0.6566666666666666 0.14666666666666667 0.020555555555555556 0.04833333333333333
0 0.4822222222222222 0.795 0.020555555555555556 0.04833333333333333
0 0.45611111111111113 0.7241666666666666 0.020555555555555556 0.04833333333333333
0 0.15833333333333333 0.20666666666666667 0.020555555555555556 0.04833333333333333
0 0.13333333333333333 0.21 0.020555555555555556 0.04833333333333333
0 0.4583333333333333 0.7975 0.020555555555555556 0.04833333333333333
0 0.43222222222222223 0.865 0.020555555555555556 0.04833333333333333
0 0.41055555555555556 0.7916666666666666 0.020555555555555556 0.04833333333333333
0 0.5877777777777777 0.14833333333333334 0.020555555555555556 0.04833333333333333
0 0.6327777777777778 0.225 0.020555555555555556 0.04833333333333333
0 0.5338888888888889 0.3775 0.020555555555555556 0.04833333333333333
0 0.3566666666666667 0.8666666666666667 0.020555555555555556 0.04833333333333333
0 0.5588888888888889 0.38 0.020555555555555556 0.04833333333333333
0 0.655 0.22583333333333333 0.020555555555555556 0.04833333333333333
0 0.6811111111111111 0.22666666666666666 0.020555555555555556 0.04833333333333333
0 0.6077777777777778 0.375 0.020555555555555556 0.04833333333333333
0 0.5872222222222222 0.07666666666666666 0.020555555555555556 0.04833333333333333
0 0.38555555555555554 0.7241666666666666 0.020555555555555556 0.04833333333333333
0 0.4816666666666667 0.8675 0.020555555555555556 0.04833333333333333
0 0.48 0.7216666666666667 0.020555555555555556 0.04833333333333333
0 0.4072222222222222 0.8675 0.020555555555555556 0.04833333333333333
0 0.6072222222222222 0.2275 0.020555555555555556 0.04833333333333333
0 0.1361111111111111 0.865 0.020555555555555556 0.04833333333333333
0 0.5333333333333333 0.14916666666666667 0.020555555555555556 0.04833333333333333
0 0.5322222222222223 0.22916666666666666 0.020555555555555556 0.04833333333333333
0 0.6855555555555556 0.14833333333333334 0.020555555555555556 0.04833333333333333
0 0.5594444444444444 0.3025 0.020555555555555556 0.04833333333333333
0 0.5 0.725 0.020555555555555556 0.04833333333333333
0 0.18333333333333332 0.7108333333333333 0.020555555555555556 0.04833333333333333
0 0.33166666666666667 0.8683333333333333 0.020555555555555556 0.04833333333333333
0 0.6116666666666667 0.07583333333333334 0.020555555555555556 0.04833333333333333
0 0.5594444444444444 0.14666666666666667 0.020555555555555556 0.04833333333333333
0 0.405 0.7175 0.020555555555555556 0.04833333333333333
0 0.23166666666666666 0.3491666666666667 0.020555555555555556 0.04833333333333333
0 0.23222222222222222 0.21 0.020555555555555556 0.04833333333333333
0 0.6077777777777778 0.14916666666666667 0.020555555555555556 0.04833333333333333
0 0.7083333333333334 0.30333333333333334 0.020555555555555556 0.04833333333333333
0 0.635 0.15 0.020555555555555556 0.04833333333333333
0 0.6777777777777778 0.8833333333333333 0.020555555555555556 0.04833333333333333
0 0.8127777777777778 0.8766666666666667 0.020555555555555556 0.04833333333333333
0 0.8627777777777778 0.7258333333333333 0.020555555555555556 0.04833333333333333
