0 0.13194444444444445 0.22208333333333333 0.026111111111111113 0.06583333333333333
0 0.5861111111111111 0.2633333333333333 0.026111111111111113 0.06583333333333333
0 0.39 0.21083333333333334 0.026111111111111113 0.06583333333333333
0 0.6166666666666667 0.19166666666666668 0.026111111111111113 0.06583333333333333
0 0.5283333333333333 0.26 0.026111111111111113 0.06583333333333333
0 0.7383333333333333 0.19083333333333333 0.026111111111111113 0.06583333333333333
0 0.6677777777777778 0.26666666666666666 0.026111111111111113 0.06583333333333333
0 0.33166666666666667 0.20833333333333334 0.026111111111111113 0.06583333333333333
0 0.5611111111111111 0.19416666666666665 0.026111111111111113 0.06583333333333333
0 0.6366666666666667 0.2683333333333333 0.026111111111111113 0.06583333333333333
0 0.6438888888888888 0.19416666666666665 0.026111111111111113 0.06583333333333333
0 0.6944444444444444 0.27166666666666667 0.026111111111111113 0.06583333333333333
0 0.35888888888888887 0.21083333333333334 0.026111111111111113 0.06583333333333333
0 0.33 0.6283333333333333 0.026111111111111113 0.06583333333333333
0 0.585 0.19166666666666668 0.026111111111111113 0.06583333333333333
0 0.36 0.6266666666666667 0.026111111111111113 0.06583333333333333
0 0.39055555555555554 0.6275 0.026111111111111113 0.06583333333333333
0 0.6955555555555556 0.19166666666666668 0.026111111111111113 0.06583333333333333
0 0.5566666666666666 0.2625 0.026111111111111113 0.06583333333333333
0 0.6111111111111112 0.26416666666666666 0.026111111111111113 0.06583333333333333
0 0.5338888888888889 0.19083333333333333 0.026111111111111113 0.06583333333333333
0 0.6716666666666666 0.195 0.026111111111111113 0.06583333333333333
0 0.5294444444444445 0.6341666666666667 0.026111111111111113 0.06583333333333333
0 0.6133333333333333 0.6341666666666667 0.026111111111111113 0.06583333333333333
0 0.6672222222222223 0.6366666666666667 0.026111111111111113 0.06583333333333333
0 0.6394444444444445 0.6358333333333334 0.026111111111111113 0.06583333333333333
0 0.525 0.7883333333333333 0.026111111111111113 0.06583333333333333
0 0.6133333333333333 0.7091666666666666 0.026111111111111113 0.06583333333333333
0 0.67 0.7125 0.026111111111111113 0.06583333333333333
