0 0.501 0.875 0.023333333333333334 0.042
0 0.18233333333333332 0.862 0.023333333333333334 0.036
0 0.45366666666666666 0.865 0.023333333333333334 0.046
0 0.477 0.87 0.026 0.058
0 0.4066666666666667 0.8675 0.024 0.057
0 0.35833333333333334 0.8615 0.024666666666666667 0.045
0 0.383 0.867 0.024666666666666667 0.058
0 0.43 0.867 0.024 0.06
0 0.2773333333333333 0.8565 0.024 0.039
0 0.603 0.8625 0.024666666666666667 0.053
0 0.58 0.8595 0.024 0.047
0 0.6506666666666666 0.861 0.024 0.054
0 0.6266666666666667 0.857 0.024 0.048
0 0.20666666666666667 0.858 0.024 0.056
0 0.254 0.857 0.024 0.056
0 0.30033333333333334 0.856 0.024666666666666667 0.06
0 0.4766666666666667 0.799 0.024 0.052
0 0.35933333333333334 0.797 0.024 0.054
0 0.698 0.7955 0.024 0.057
0 0.501 0.791 0.023333333333333334 0.048
0 0.454 0.796 0.024 0.058
0 0.38333333333333336 0.794 0.024 0.058
0 0.6746666666666666 0.791 0.024 0.056
0 0.6513333333333333 0.7915 0.024 0.059
0 0.6046666666666667 0.79 0.024 0.056
0 0.628 0.789 0.024 0.06
0 0.20633333333333334 0.785 0.024666666666666667 0.056
0 0.159 0.7835 0.023333333333333334 0.055
0 0.18333333333333332 0.781 0.024 0.052
0 0.231 0.783 0.024666666666666667 0.058
0 0.3596666666666667 0.726 0.023333333333333334 0.052
0 0.652 0.723 0.024 0.056
0 0.455 0.7225 0.023333333333333334 0.057
0 0.407 0.7235 0.024666666666666667 0.059
0 0.7 0.721 0.024 0.058
0 0.676 0.7215 0.024 0.059
0 0.582 0.7205 0.024 0.057
0 0.6053333333333333 0.721 0.024 0.06
0 0.301 0.7095 0.024666666666666667 0.055
0 0.20666666666666667 0.7115 0.024 0.059
0 0.15933333333333333 0.7115 0.024 0.061
0 0.5826666666666667 0.655 0.024 0.05
0 0.36033333333333334 0.654 0.024666666666666667 0.054
0 0.6293333333333333 0.652 0.024 0.056
0 0.6056666666666667 0.652 0.024666666666666667 0.056
0 0.653 0.6515 0.024666666666666667 0.057
0 0.432 0.652 0.024 0.06
0 0.20566666666666666 0.6435 0.023333333333333334 0.045
0 0.2763333333333333 0.6345 0.023333333333333334 0.051
0 0.25266666666666665 0.638 0.024 0.058
0 0.159 0.6335 0.024666666666666667 0.053
0 0.6766666666666666 0.5805 0.024 0.053
0 0.45566666666666666 0.5825 0.024666666666666667 0.059
0 0.43166666666666664 0.582 0.024666666666666667 0.058
0 0.8293333333333334 0.577 0.024 0.05
0 0.5033333333333333 0.581 0.024 0.058
0 0.653 0.5795 0.024666666666666667 0.057
0 0.7593333333333333 0.578 0.024 0.056
0 0.8066666666666666 0.5765 0.024 0.059
0 0.30233333333333334 0.5675 0.023333333333333334 0.041
0 0.7833333333333333 0.577 0.024 0.062
0 0.2783333333333333 0.566 0.024666666666666667 0.058
0 0.15866666666666668 0.565 0.024 0.058
0 0.20633333333333334 0.5525 0.023333333333333334 0.035
0 0.3616666666666667 0.507 0.023333333333333334 0.044
0 0.4083333333333333 0.512 0.024666666666666667 0.056
0 0.43266666666666664 0.509 0.024 0.058
0 0.76 0.506 0.024 0.054
0 0.5823333333333334 0.507 0.024666666666666667 0.056
0 0.559 0.5065 0.023333333333333334 0.055
0 0.5026666666666667 0.5075 0.024 0.057
0 0.47933333333333333 0.5085 0.024 0.059
0 0.6533333333333333 0.505 0.024 0.056
0 0.606 0.5065 0.024 0.059
0 0.701 0.498 0.023333333333333334 0.044
0 0.6766666666666666 0.5035 0.024 0.055
0 0.6296666666666667 0.5045 0.024666666666666667 0.057
0 0.8306666666666667 0.502 0.024 0.058
0 0.2786666666666667 0.4865 0.024 0.035
0 0.25466666666666665 0.4935 0.024 0.059
0 0.18366666666666667 0.4865 0.023333333333333334 0.045
0 0.503 0.4355 0.023333333333333334 0.035
0 0.855 0.4295 0.023333333333333334 0.035
0 0.36233333333333334 0.432 0.023333333333333334 0.04
0 0.481 0.4385 0.024666666666666667 0.055
0 0.38533333333333336 0.4385 0.024 0.057
0 0.43433333333333335 0.439 0.024666666666666667 0.06
0 0.458 0.4375 0.024 0.059
0 0.6063333333333333 0.435 0.024666666666666667 0.056
0 0.5823333333333334 0.4335 0.024666666666666667 0.055
0 0.5583333333333333 0.4345 0.024666666666666667 0.057
0 0.8313333333333334 0.4345 0.024 0.059
0 0.8076666666666666 0.434 0.024666666666666667 0.058
0 0.6786666666666666 0.434 0.024 0.058
0 0.6306666666666667 0.434 0.025333333333333333 0.058
0 0.902 0.433 0.024 0.058
0 0.76 0.4325 0.024 0.057
0 0.655 0.434 0.024666666666666667 0.062
0 0.278 0.42 0.024 0.058
0 0.23066666666666666 0.419 0.024 0.056
0 0.30366666666666664 0.4195 0.023333333333333334 0.059
0 0.207 0.4185 0.024666666666666667 0.059
0 0.504 0.367 0.024 0.058
0 0.48033333333333333 0.366 0.024666666666666667 0.058
0 0.363 0.366 0.024666666666666667 0.058
0 0.5583333333333333 0.3645 0.024666666666666667 0.057
0 0.4573333333333333 0.3655 0.024 0.059
0 0.5823333333333334 0.3645 0.024666666666666667 0.059
0 0.6066666666666667 0.3625 0.025333333333333333 0.057
0 0.631 0.362 0.024666666666666667 0.058
0 0.8076666666666666 0.3615 0.023333333333333334 0.059
0 0.784 0.3615 0.024 0.059
0 0.702 0.361 0.024 0.058
0 0.6783333333333333 0.361 0.024666666666666667 0.058
0 0.6546666666666666 0.361 0.024 0.058
0 0.7606666666666667 0.361 0.024 0.06
0 0.277 0.349 0.023333333333333334 0.036
0 0.183 0.3485 0.024666666666666667 0.059
0 0.16 0.348 0.024 0.058
0 0.30033333333333334 0.347 0.026 0.058
0 0.254 0.3465 0.024 0.063
0 0.4093333333333333 0.2945 0.024 0.057
0 0.36233333333333334 0.2945 0.024666666666666667 0.059
0 0.9013333333333333 0.2925 0.024 0.057
0 0.504 0.292 0.024 0.056
0 0.433 0.2945 0.024666666666666667 0.061
0 0.5826666666666667 0.292 0.025333333333333333 0.058
0 0.5583333333333333 0.2925 0.024666666666666667 0.059
0 0.808 0.29 0.024 0.056
0 0.7016666666666667 0.291 0.024666666666666667 0.058
0 0.878 0.291 0.024 0.06
0 0.7846666666666666 0.2905 0.024 0.059
0 0.6066666666666667 0.2905 0.025333333333333333 0.059
0 0.761 0.289 0.024666666666666667 0.058
0 0.6783333333333333 0.2885 0.024666666666666667 0.057
0 0.6303333333333333 0.2895 0.024666666666666667 0.059
0 0.6543333333333333 0.2895 0.024666666666666667 0.061
0 0.253 0.278 0.023333333333333334 0.054
0 0.22966666666666666 0.2775 0.024666666666666667 0.057
0 0.20633333333333334 0.2775 0.024666666666666667 0.057
0 0.3006666666666667 0.277 0.024 0.058
0 0.277 0.277 0.024666666666666667 0.058
0 0.48 0.2235 0.024 0.057
0 0.5036666666666667 0.223 0.024666666666666667 0.058
0 0.385 0.223 0.024666666666666667 0.058
0 0.36133333333333334 0.223 0.024 0.058
0 0.4086666666666667 0.2215 0.024 0.057
0 0.5826666666666667 0.22 0.024 0.056
0 0.4563333333333333 0.222 0.024666666666666667 0.06
0 0.8086666666666666 0.218 0.024 0.056
0 0.559 0.22 0.024666666666666667 0.06
0 0.879 0.2185 0.024666666666666667 0.059
0 0.8313333333333334 0.2185 0.024 0.059
0 0.7026666666666667 0.218 0.024 0.058
0 0.678 0.218 0.025333333333333333 0.058
0 0.6536666666666666 0.219 0.024666666666666667 0.06
0 0.6063333333333333 0.2185 0.024666666666666667 0.059
0 0.8546666666666667 0.2175 0.024 0.059
0 0.7853333333333333 0.216 0.024 0.058
0 0.7616666666666667 0.2155 0.024666666666666667 0.059
0 0.278 0.2055 0.024 0.055
0 0.16066666666666668 0.204 0.024 0.054
0 0.878 0.15 0.024 0.058
0 0.386 0.1505 0.025333333333333333 0.059
0 0.433 0.149 0.024666666666666667 0.058
0 0.3616666666666667 0.149 0.024666666666666667 0.058
0 0.832 0.144 0.024 0.052
0 0.5603333333333333 0.147 0.024666666666666667 0.058
0 0.4796666666666667 0.148 0.024666666666666667 0.06
0 0.4563333333333333 0.1475 0.024666666666666667 0.059
0 0.6543333333333333 0.147 0.024666666666666667 0.06
0 0.6306666666666667 0.1465 0.024 0.059
0 0.584 0.146 0.024 0.058
0 0.6783333333333333 0.146 0.024666666666666667 0.06
0 0.6073333333333333 0.146 0.024 0.06
0 0.7026666666666667 0.1435 0.024 0.057
0 0.5836666666666667 0.0805 0.024666666666666667 0.059
0 0.43233333333333335 0.0785 0.024666666666666667 0.055
0 0.904 0.0795 0.024 0.059
0 0.504 0.077 0.024 0.058
0 0.45666666666666667 0.0765 0.024 0.057
0 0.48033333333333333 0.0775 0.024666666666666667 0.061
0 0.8803333333333333 0.077 0.024666666666666667 0.062
0 0.386 0.076 0.024 0.06
0 0.68 0.076 0.025333333333333333 0.064
0 0.6556666666666666 0.0745 0.024666666666666667 0.063
0 0.6313333333333333 0.075 0.024 0.066
0 0.6076666666666667 0.0755 0.024666666666666667 0.067
0 0.13666666666666666 0.27375 0.021111111111111112 0.0525
0 0.3388888888888889 0.44416666666666665 0.021111111111111112 0.0525
0 0.4116666666666667 0.07666666666666666 0.021111111111111112 0.0525
0 0.4583333333333333 0.6591666666666667 0.021111111111111112 0.0525
0 0.18055555555555555 0.7008333333333333 0.021111111111111112 0.0525
0 0.30277777777777776 0.4866666666666667 0.021111111111111112 0.0525
0 0.3338888888888889 0.7291666666666666 0.021111111111111112 0.0525
0 0.4072222222222222 0.43416666666666665 0.021111111111111112 0.0525
0 0.18333333333333332 0.2725 0.021111111111111112 0.0525
0 0.22944444444444445 0.6325 0.021111111111111112 0.0525
0 0.4311111111111111 0.7225 0.021111111111111112 0.0525
0 0.5322222222222223 0.7991666666666667 0.021111111111111112 0.0525
0 0.23222222222222222 0.8533333333333334 0.021111111111111112 0.0525
0 0.35888888888888887 0.5875 0.021111111111111112 0.0525
0 0.4033333333333333 0.7925 0.021111111111111112 0.0525
0 0.2738888888888889 0.7841666666666667 0.021111111111111112 0.0525
0 0.3005555555555556 0.6291666666666667 0.021111111111111112 0.0525
0 0.22777777777777777 0.5658333333333333 0.021111111111111112 0.0525
0 0.4572222222222222 0.2916666666666667 0.021111111111111112 0.0525
0 0.13555555555555557 0.7025 0.021111111111111112 0.0525
0 0.20555555555555555 0.48833333333333334 0.021111111111111112 0.0525
0 0.3811111111111111 0.7191666666666666 0.021111111111111112 0.0525
0 0.5394444444444444 0.14166666666666666 0.021111111111111112 0.0525
0 0.22944444444444445 0.19916666666666666 0.021111111111111112 0.0525
0 0.2538888888888889 0.7083333333333334 0.021111111111111112 0.0525
0 0.20722222222222222 0.3408333333333333 0.021111111111111112 0.0525
0 0.3 0.7841666666666667 0.021111111111111112 0.0525
0 0.13277777777777777 0.4175 0.021111111111111112 0.0525
0 0.41 0.3625 0.021111111111111112 0.0525
0 0.5361111111111111 0.0725 0.021111111111111112 0.0525
0 0.4988888888888889 0.6566666666666666 0.021111111111111112 0.0525
0 0.3372222222222222 0.6575 0.021111111111111112 0.0525
0 0.1361111111111111 0.6341666666666667 0.021111111111111112 0.0525
0 0.23 0.7108333333333333 0.021111111111111112 0.0525
0 0.4088888888888889 0.6558333333333334 0.021111111111111112 0.0525
0 0.45444444444444443 0.515 0.021111111111111112 0.0525
0 0.38222222222222224 0.65 0.021111111111111112 0.0525
0 0.36333333333333334 0.07166666666666667 0.021111111111111112 0.0525
0 0.20555555555555555 0.19833333333333333 0.021111111111111112 0.0525
0 0.5372222222222223 0.295 0.021111111111111112 0.0525
0 0.25055555555555553 0.20416666666666666 0.021111111111111112 0.0525
0 0.4311111111111111 0.7908333333333334 0.021111111111111112 0.0525
0 0.48055555555555557 0.2866666666666667 0.021111111111111112 0.0525
0 0.25333333333333335 0.7883333333333333 0.021111111111111112 0.0525
0 0.2738888888888889 0.7075 0.021111111111111112 0.0525
0 0.33555555555555555 0.21833333333333332 0.021111111111111112 0.0525
0 0.5366666666666666 0.5808333333333333 0.021111111111111112 0.0525
0 0.4727777777777778 0.6575 0.021111111111111112 0.0525
0 0.3383333333333333 0.5141666666666667 0.021111111111111112 0.0525
0 0.5361111111111111 0.8675 0.021111111111111112 0.0525
0 0.33444444444444443 0.5916666666666667 0.021111111111111112 0.0525
0 0.47833333333333333 0.7191666666666666 0.021111111111111112 0.0525
0 0.1361111111111111 0.3466666666666667 0.021111111111111112 0.0525
0 0.1322222222222222 0.48833333333333334 0.021111111111111112 0.0525
0 0.3372222222222222 0.29083333333333333 0.021111111111111112 0.0525
0 0.3844444444444444 0.2891666666666667 0.021111111111111112 0.0525
0 0.4311111111111111 0.3641666666666667 0.021111111111111112 0.0525
0 0.5372222222222223 0.3641666666666667 0.021111111111111112 0.0525
0 0.23166666666666666 0.3433333333333333 0.021111111111111112 0.0525
0 0.3827777777777778 0.5808333333333333 0.021111111111111112 0.0525
0 0.13444444444444445 0.5633333333333334 0.021111111111111112 0.0525
0 0.4338888888888889 0.22 0.021111111111111112 0.0525
0 0.1361111111111111 0.19916666666666666 0.021111111111111112 0.0525
0 0.25222222222222224 0.5608333333333333 0.021111111111111112 0.0525
0 0.15833333333333333 0.41583333333333333 0.021111111111111112 0.0525
0 0.5383333333333333 0.44166666666666665 0.021111111111111112 0.0525
0 0.405 0.5866666666666667 0.021111111111111112 0.0525
0 0.5361111111111111 0.22 0.021111111111111112 0.0525
0 0.4061111111111111 0.1425 0.021111111111111112 0.0525
0 0.5 0.7225 0.021111111111111112 0.0525
0 0.15611111111111112 0.86 0.021111111111111112 0.0525
0 0.29944444444444446 0.20083333333333334 0.021111111111111112 0.0525
0 0.18 0.5608333333333333 0.021111111111111112 0.0525
0 0.13166666666666665 0.7883333333333333 0.021111111111111112 0.0525
0 0.18222222222222223 0.2025 0.021111111111111112 0.0525
0 0.5338888888888889 0.6541666666666667 0.021111111111111112 0.0525
0 0.15666666666666668 0.2725 0.021111111111111112 0.0525
0 0.3388888888888889 0.06666666666666667 0.021111111111111112 0.0525
0 0.385 0.3625 0.021111111111111112 0.0525
0 0.5377777777777778 0.5116666666666667 0.021111111111111112 0.0525
0 0.34 0.3641666666666667 0.021111111111111112 0.0525
0 0.13333333333333333 0.8583333333333333 0.021111111111111112 0.0525
0 0.33611111111111114 0.7941666666666667 0.021111111111111112 0.0525
0 0.335 0.13666666666666666 0.021111111111111112 0.0525
0 0.5055555555555555 0.13666666666666666 0.021111111111111112 0.0525
0 0.33444444444444443 0.8641666666666666 0.021111111111111112 0.0525
0 0.3838888888888889 0.5141666666666667 0.021111111111111112 0.0525
0 0.17777777777777778 0.6358333333333334 0.021111111111111112 0.0525
0 0.18222222222222223 0.4191666666666667 0.021111111111111112 0.0525
0 0.2544444444444444 0.415 0.021111111111111112 0.0525
0 0.5377777777777778 0.7233333333333334 0.021111111111111112 0.0525
0 0.4766666666666667 0.5791666666666667 0.021111111111111112 0.0525
0 0.15722222222222224 0.49416666666666664 0.021111111111111112 0.0525
0 0.7411111111111112 0.145 0.021111111111111112 0.0525
0 0.7066666666666667 0.07083333333333333 0.021111111111111112 0.0525
0 0.5833333333333334 0.5841666666666666 0.021111111111111112 0.0525
0 0.6305555555555555 0.5841666666666666 0.021111111111111112 0.0525
0 0.74 0.21333333333333335 0.021111111111111112 0.0525
0 0.7038888888888889 0.5816666666666667 0.021111111111111112 0.0525
0 0.5588888888888889 0.8041666666666667 0.021111111111111112 0.0525
0 0.7416666666666667 0.07416666666666667 0.021111111111111112 0.0525
0 0.7383333333333333 0.3616666666666667 0.021111111111111112 0.0525
0 0.6811111111111111 0.6541666666666667 0.021111111111111112 0.0525
0 0.5611111111111111 0.5833333333333334 0.021111111111111112 0.0525
0 0.6077777777777778 0.5808333333333333 0.021111111111111112 0.0525
0 0.22944444444444445 0.4866666666666667 0.021111111111111112 0.0525
0 0.7372222222222222 0.5866666666666667 0.021111111111111112 0.0525
0 0.5594444444444444 0.73 0.021111111111111112 0.0525
0 0.7377777777777778 0.5025 0.021111111111111112 0.0525
0 0.56 0.8741666666666666 0.021111111111111112 0.0525
0 0.5638888888888889 0.075 0.021111111111111112 0.0525
0 0.5633333333333334 0.6566666666666666 0.021111111111111112 0.0525
0 0.5844444444444444 0.7991666666666667 0.021111111111111112 0.0525
0 0.6988888888888889 0.8725 0.021111111111111112 0.0525
0 0.7366666666666667 0.43083333333333335 0.021111111111111112 0.0525
0 0.6305555555555555 0.21833333333333332 0.021111111111111112 0.0525
0 0.6783333333333333 0.8683333333333333 0.021111111111111112 0.0525
0 0.74 0.28833333333333333 0.021111111111111112 0.0525
0 0.7088888888888889 0.6591666666666667 0.021111111111111112 0.0525
0 0.835 0.3575 0.021111111111111112 0.0525
0 0.7644444444444445 0.07 0.021111111111111112 0.0525
0 0.8138888888888889 0.07333333333333333 0.021111111111111112 0.0525
0 0.8572222222222222 0.07416666666666667 0.021111111111111112 0.0525
0 0.8572222222222222 0.14583333333333334 0.021111111111111112 0.0525
0 0.8372222222222222 0.2891666666666667 0.021111111111111112 0.0525
0 0.8577777777777778 0.2841666666666667 0.021111111111111112 0.0525
0 0.8844444444444445 0.355 0.021111111111111112 0.0525
0 0.6277777777777778 0.7275 0.021111111111111112 0.0525
0 0.8838888888888888 0.42833333333333334 0.021111111111111112 0.0525
0 0.7677777777777778 0.14 0.021111111111111112 0.0525
0 0.9111111111111111 0.3491666666666667 0.021111111111111112 0.0525
0 0.7055555555555556 0.43333333333333335 0.021111111111111112 0.0525
0 0.7927777777777778 0.075 0.021111111111111112 0.0525
0 0.8161111111111111 0.14 0.021111111111111112 0.0525
0 0.9055555555555556 0.21083333333333334 0.021111111111111112 0.0525
0 0.8388888888888889 0.07416666666666667 0.021111111111111112 0.0525
0 0.8605555555555555 0.3516666666666667 0.021111111111111112 0.0525
0 0.7905555555555556 0.135 0.021111111111111112 0.0525
0 0.9083333333333333 0.14916666666666667 0.021111111111111112 0.0525
0 0.785 0.5041666666666667 0.021111111111111112 0.0525
0 0.7861111111111111 0.4325 0.021111111111111112 0.0525
0 0.8883333333333333 0.5 0.021111111111111112 0.0525
0 0.81 0.5016666666666667 0.021111111111111112 0.0525
0 0.8561111111111112 0.5766666666666667 0.021111111111111112 0.0525
0 0.8844444444444445 0.5833333333333334 0.021111111111111112 0.0525
0 0.8588888888888889 0.49833333333333335 0.021111111111111112 0.0525
0 0.9033333333333333 0.5 0.021111111111111112 0.0525
0 0.7872222222222223 0.8216666666666667 0.021111111111111112 0.0525
