0 0.6513333333333333 0.8705 0.013333333333333334 0.055
0 0.8936666666666667 0.816 0.019333333333333334 0.086
0 0.804 0.812 0.02 0.078
0 0.758 0.8105 0.02266666666666667 0.075
0 0.8273333333333334 0.812 0.02 0.08
0 0.8516666666666667 0.8105 0.022 0.079
0 0.7346666666666667 0.81 0.021333333333333333 0.078
0 0.49733333333333335 0.8095 0.025333333333333333 0.079
0 0.472 0.8095 0.021333333333333333 0.079
0 0.7816666666666666 0.8065 0.020666666666666667 0.079
0 0.33066666666666666 0.802 0.017333333333333333 0.076
0 0.378 0.8015 0.02 0.077
0 0.356 0.8025 0.02 0.079
0 0.8746666666666667 0.809 0.02 0.094
0 0.297 0.7755 0.023333333333333334 0.075
0 0.224 0.7735 0.018666666666666668 0.075
0 0.2713333333333333 0.7735 0.018666666666666668 0.077
0 0.24866666666666667 0.7735 0.02 0.079
0 0.13266666666666665 0.771 0.018666666666666668 0.08
0 0.894 0.742 0.018666666666666668 0.078
0 0.8716666666666667 0.7415 0.018 0.077
0 0.846 0.742 0.02 0.08
0 0.6303333333333333 0.7385 0.019333333333333334 0.075
0 0.6513333333333333 0.7365 0.02 0.075
0 0.474 0.737 0.021333333333333333 0.078
0 0.5586666666666666 0.7355 0.02266666666666667 0.079
0 0.5 0.7365 0.02666666666666667 0.081
0 0.5823333333333334 0.7325 0.020666666666666667 0.077
0 0.6756666666666666 0.7335 0.024666666666666667 0.081
0 0.6046666666666667 0.7305 0.02266666666666667 0.075
0 0.448 0.731 0.02266666666666667 0.076
0 0.35333333333333333 0.731 0.018666666666666668 0.078
0 0.3303333333333333 0.73 0.019333333333333334 0.076
0 0.5346666666666666 0.7305 0.021333333333333333 0.081
0 0.17633333333333334 0.7075 0.019333333333333334 0.073
0 0.27266666666666667 0.707 0.018666666666666668 0.078
0 0.22366666666666668 0.7065 0.019333333333333334 0.079
0 0.296 0.7035 0.024 0.077
0 0.20166666666666666 0.7025 0.018 0.077
0 0.24766666666666667 0.701 0.019333333333333334 0.076
0 0.15333333333333332 0.7035 0.02266666666666667 0.081
0 0.128 0.7015 0.018666666666666668 0.077
0 0.849 0.6685 0.019333333333333334 0.075
0 0.8943333333333333 0.6695 0.023333333333333334 0.081
0 0.701 0.6665 0.019333333333333334 0.075
0 0.872 0.6655 0.02 0.079
0 0.5826666666666667 0.6645 0.02266666666666667 0.079
0 0.6063333333333333 0.661 0.019333333333333334 0.074
0 0.6773333333333333 0.6605 0.021333333333333333 0.075
0 0.6536666666666666 0.6615 0.023333333333333334 0.077
0 0.5363333333333333 0.66 0.022 0.076
0 0.5016666666666667 0.6625 0.026 0.081
0 0.4026666666666667 0.659 0.018666666666666668 0.074
0 0.629 0.661 0.023333333333333334 0.08
0 0.45166666666666666 0.6595 0.019333333333333334 0.077
0 0.4746666666666667 0.659 0.02 0.078
0 0.382 0.659 0.02 0.078
0 0.35633333333333334 0.659 0.023333333333333334 0.078
0 0.331 0.6585 0.019333333333333334 0.077
0 0.42833333333333334 0.657 0.019333333333333334 0.076
0 0.15333333333333332 0.635 0.018666666666666668 0.072
0 0.17566666666666667 0.6345 0.019333333333333334 0.073
0 0.2 0.6335 0.021333333333333333 0.073
0 0.296 0.633 0.02266666666666667 0.076
0 0.2713333333333333 0.63 0.02 0.078
0 0.24833333333333332 0.6285 0.018 0.077
0 0.22533333333333333 0.6285 0.02 0.077
0 0.12966666666666668 0.6285 0.016666666666666666 0.077
0 0.678 0.5925 0.017333333333333333 0.057
0 0.6533333333333333 0.59 0.021333333333333333 0.076
0 0.7003333333333334 0.5865 0.020666666666666667 0.073
0 0.49733333333333335 0.588 0.02266666666666667 0.076
0 0.6063333333333333 0.585 0.018 0.072
0 0.475 0.588 0.022 0.078
0 0.5833333333333334 0.586 0.02266666666666667 0.08
0 0.559 0.586 0.020666666666666667 0.08
0 0.6283333333333333 0.586 0.023333333333333334 0.082
0 0.452 0.585 0.021333333333333333 0.08
0 0.42766666666666664 0.584 0.020666666666666667 0.078
0 0.38 0.5835 0.02 0.077
0 0.3556666666666667 0.5825 0.019333333333333334 0.077
0 0.5346666666666666 0.5825 0.02 0.079
0 0.3333333333333333 0.579 0.018666666666666668 0.074
0 0.4036666666666667 0.58 0.020666666666666667 0.078
0 0.298 0.5635 0.021333333333333333 0.073
0 0.20066666666666666 0.564 0.02 0.074
0 0.22633333333333333 0.561 0.019333333333333334 0.078
0 0.14866666666666667 0.5595 0.02 0.077
0 0.24633333333333332 0.557 0.019333333333333334 0.076
0 0.13 0.558 0.018666666666666668 0.078
0 0.27166666666666667 0.555 0.022 0.078
0 0.8523333333333334 0.5105 0.016666666666666666 0.061
0 0.334 0.5145 0.018666666666666668 0.073
0 0.676 0.516 0.021333333333333333 0.078
0 0.7 0.5155 0.024 0.079
0 0.6523333333333333 0.514 0.019333333333333334 0.076
0 0.6296666666666667 0.5125 0.019333333333333334 0.077
0 0.4736666666666667 0.51 0.018 0.074
0 0.584 0.5105 0.021333333333333333 0.077
0 0.5616666666666666 0.5105 0.020666666666666667 0.077
0 0.5363333333333333 0.5115 0.022 0.079
0 0.5 0.512 0.025333333333333333 0.08
0 0.4483333333333333 0.51 0.020666666666666667 0.076
0 0.608 0.509 0.018666666666666668 0.076
0 0.42766666666666664 0.51 0.020666666666666667 0.078
0 0.357 0.5085 0.019333333333333334 0.075
0 0.405 0.5075 0.019333333333333334 0.077
0 0.37933333333333336 0.505 0.018666666666666668 0.074
0 0.269 0.491 0.019333333333333334 0.074
0 0.24766666666666667 0.4875 0.018 0.073
0 0.22233333333333333 0.4875 0.019333333333333334 0.073
0 0.16966666666666666 0.4875 0.018 0.073
0 0.151 0.485 0.018 0.072
0 0.19433333333333333 0.485 0.023333333333333334 0.076
0 0.3006666666666667 0.484 0.021333333333333333 0.078
0 0.129 0.483 0.018 0.076
0 0.6543333333333333 0.449 0.018 0.058
0 0.8976666666666666 0.4415 0.012666666666666666 0.053
0 0.631 0.4475 0.019333333333333334 0.067
0 0.608 0.447 0.018666666666666668 0.066
0 0.808 0.4385 0.016 0.061
0 0.701 0.443 0.020666666666666667 0.076
0 0.5836666666666667 0.4425 0.019333333333333334 0.075
0 0.677 0.441 0.022 0.08
0 0.44866666666666666 0.439 0.02 0.076
0 0.37933333333333336 0.4365 0.02 0.075
0 0.5363333333333333 0.4375 0.020666666666666667 0.079
0 0.474 0.4345 0.018666666666666668 0.073
0 0.426 0.4345 0.017333333333333333 0.073
0 0.5616666666666666 0.436 0.019333333333333334 0.078
0 0.3556666666666667 0.435 0.019333333333333334 0.076
0 0.5 0.436 0.025333333333333333 0.08
0 0.4036666666666667 0.434 0.019333333333333334 0.076
0 0.33466666666666667 0.435 0.021333333333333333 0.078
0 0.245 0.417 0.019333333333333334 0.074
0 0.271 0.4155 0.019333333333333334 0.073
0 0.19633333333333333 0.417 0.020666666666666667 0.076
0 0.297 0.4145 0.022 0.077
0 0.22666666666666666 0.407 0.016 0.068
0 0.12833333333333333 0.4105 0.020666666666666667 0.083
0 0.38033333333333336 0.37 0.018 0.06
0 0.6766666666666666 0.3735 0.018666666666666668 0.071
0 0.4246666666666667 0.3665 0.018666666666666668 0.073
0 0.699 0.3665 0.019333333333333334 0.075
0 0.222 0.3575 0.017333333333333333 0.057
0 0.497 0.3655 0.023333333333333334 0.077
0 0.35633333333333334 0.365 0.019333333333333334 0.076
0 0.4033333333333333 0.3645 0.02 0.077
0 0.33266666666666667 0.363 0.018666666666666668 0.076
0 0.475 0.3625 0.019333333333333334 0.077
0 0.44866666666666666 0.358 0.018666666666666668 0.074
0 0.2946666666666667 0.35 0.018666666666666668 0.07
0 0.244 0.351 0.018666666666666668 0.074
0 0.17866666666666667 0.349 0.017333333333333333 0.076
0 0.27466666666666667 0.344 0.017333333333333333 0.074
0 0.20066666666666666 0.3445 0.017333333333333333 0.075
0 0.131 0.328 0.015333333333333332 0.056
0 0.8306666666666667 0.2925 0.012 0.053
0 0.7626666666666667 0.289 0.012 0.05
0 0.7856666666666666 0.29 0.014 0.054
0 0.47333333333333333 0.294 0.017333333333333333 0.072
0 0.4036666666666667 0.295 0.018 0.076
0 0.498 0.293 0.018666666666666668 0.074
0 0.451 0.293 0.018 0.074
0 0.379 0.2915 0.018 0.073
0 0.33166666666666667 0.2915 0.018 0.073
0 0.4266666666666667 0.29 0.018666666666666668 0.074
0 0.35733333333333334 0.288 0.018666666666666668 0.074
0 0.22066666666666668 0.276 0.017333333333333333 0.072
0 0.196 0.2755 0.018666666666666668 0.073
0 0.17333333333333334 0.2725 0.017333333333333333 0.075
0 0.24666666666666667 0.2695 0.017333333333333333 0.075
0 0.153 0.2695 0.019333333333333334 0.083
0 0.13133333333333333 0.266 0.02 0.084
0 0.832 0.223 0.018666666666666668 0.07
0 0.901 0.2225 0.016666666666666666 0.073
0 0.8773333333333333 0.2195 0.017333333333333333 0.071
0 0.4523333333333333 0.2195 0.018 0.073
0 0.42633333333333334 0.22 0.018 0.074
0 0.35733333333333334 0.2205 0.018666666666666668 0.075
0 0.4053333333333333 0.2195 0.018666666666666668 0.075
0 0.38033333333333336 0.219 0.019333333333333334 0.076
0 0.49966666666666665 0.2175 0.019333333333333334 0.075
0 0.33166666666666667 0.216 0.016666666666666666 0.074
0 0.477 0.2145 0.020666666666666667 0.077
0 0.221 0.2065 0.016666666666666666 0.069
0 0.20033333333333334 0.2045 0.016666666666666666 0.073
0 0.24666666666666667 0.2045 0.018666666666666668 0.077
0 0.13066666666666665 0.183 0.02 0.062
0 0.15466666666666667 0.181 0.016 0.064
0 0.357 0.1585 0.019333333333333334 0.075
0 0.402 0.1495 0.016 0.071
0 0.38166666666666665 0.1505 0.018 0.073
0 0.3333333333333333 0.1515 0.018666666666666668 0.075
0 0.878 0.1385 0.014666666666666666 0.055
0 0.45066666666666666 0.1365 0.013333333333333334 0.051
0 0.426 0.147 0.017333333333333333 0.072
0 0.8543333333333333 0.1395 0.016666666666666666 0.059
0 0.5 0.1445 0.017333333333333333 0.073
0 0.9013333333333333 0.145 0.018666666666666668 0.076
0 0.47433333333333333 0.136 0.016666666666666666 0.058
0 0.6096666666666667 0.078 0.015333333333333332 0.05
0 0.5026666666666667 0.081 0.025333333333333333 0.076
0 0.5386666666666666 0.072 0.014666666666666666 0.06
0 0.429 0.0805 0.020666666666666667 0.077
0 0.4756666666666667 0.0775 0.018 0.075
0 0.763 0.073 0.015333333333333332 0.068
0 0.7393333333333333 0.073 0.017333333333333333 0.068
0 0.45166666666666666 0.0775 0.019333333333333334 0.077
0 0.404 0.078 0.02 0.078
0 0.6513333333333333 0.0635 0.018666666666666668 0.053
0 0.6993333333333334 0.0715 0.021333333333333333 0.071
0 0.583 0.065 0.014 0.058
0 0.8566666666666667 0.0735 0.024 0.077
0 0.8336666666666667 0.0725 0.023333333333333334 0.075
0 0.6286666666666667 0.0645 0.021333333333333333 0.059
0 0.8816666666666667 0.073 0.023333333333333334 0.078
0 0.9036666666666666 0.073 0.020666666666666667 0.08
0 0.8103333333333333 0.071 0.022 0.078
0 0.7873333333333333 0.0695 0.024 0.075
0 0.3566666666666667 0.0715 0.018666666666666668 0.079
0 0.334 0.072 0.021333333333333333 0.08
0 0.381 0.0705 0.022 0.079
0 0.5377777777777778 0.36041666666666666 0.02666666666666667 0.0675
0 0.5588888888888889 0.7975 0.02666666666666667 0.0675
0 0.5361111111111111 0.7966666666666666 0.02666666666666667 0.0675
0 0.42388888888888887 0.7275 0.02666666666666667 0.0675
0 0.27111111111111114 0.27416666666666667 0.02666666666666667 0.0675
0 0.5594444444444444 0.15 0.02666666666666667 0.0675
0 0.6105555555555555 0.22166666666666668 0.02666666666666667 0.0675
0 0.6727777777777778 0.14333333333333334 0.02666666666666667 0.0675
0 0.4683333333333333 0.8725 0.02666666666666667 0.0675
0 0.15388888888888888 0.7725 0.02666666666666667 0.0675
0 0.5822222222222222 0.8675 0.02666666666666667 0.0675
0 0.4272222222222222 0.8691666666666666 0.02666666666666667 0.0675
0 0.5361111111111111 0.14583333333333334 0.02666666666666667 0.0675
0 0.535 0.8633333333333333 0.02666666666666667 0.0675
0 0.5827777777777777 0.7958333333333333 0.02666666666666667 0.0675
0 0.35555555555555557 0.8708333333333333 0.02666666666666667 0.0675
0 0.5594444444444444 0.8683333333333333 0.02666666666666667 0.0675
0 0.5816666666666667 0.36666666666666664 0.02666666666666667 0.0675
0 0.6277777777777778 0.7966666666666666 0.02666666666666667 0.0675
0 0.1761111111111111 0.7741666666666667 0.02666666666666667 0.0675
0 0.7011111111111111 0.2941666666666667 0.02666666666666667 0.0675
0 0.6977777777777778 0.21833333333333332 0.02666666666666667 0.0675
0 0.4483333333333333 0.8608333333333333 0.02666666666666667 0.0675
0 0.12611111111111112 0.8483333333333334 0.02666666666666667 0.0675
0 0.7 0.14916666666666667 0.02666666666666667 0.0675
0 0.4955555555555556 0.8666666666666667 0.02666666666666667 0.0675
0 0.27444444444444444 0.8441666666666666 0.02666666666666667 0.0675
0 0.1527777777777778 0.8458333333333333 0.02666666666666667 0.0675
0 0.6061111111111112 0.7958333333333333 0.02666666666666667 0.0675
0 0.5605555555555556 0.07416666666666667 0.02666666666666667 0.0675
0 0.1527777777777778 0.4116666666666667 0.02666666666666667 0.0675
0 0.6944444444444444 0.8725 0.02666666666666667 0.0675
0 0.6727777777777778 0.21666666666666667 0.02666666666666667 0.0675
0 0.56 0.36666666666666664 0.02666666666666667 0.0675
0 0.585 0.21833333333333332 0.02666666666666667 0.0675
0 0.3011111111111111 0.2025 0.02666666666666667 0.0675
0 0.6305555555555555 0.3591666666666667 0.02666666666666667 0.0675
0 0.6 0.8641666666666666 0.02666666666666667 0.0675
0 0.2738888888888889 0.2025 0.02666666666666667 0.0675
0 0.2972222222222222 0.27666666666666667 0.02666666666666667 0.0675
0 0.6288888888888889 0.14333333333333334 0.02666666666666667 0.0675
0 0.6772222222222222 0.2941666666666667 0.02666666666666667 0.0675
0 0.6094444444444445 0.3575 0.02666666666666667 0.0675
0 0.20222222222222222 0.7766666666666666 0.02666666666666667 0.0675
0 0.5811111111111111 0.15 0.02666666666666667 0.0675
0 0.5583333333333333 0.6525 0.02666666666666667 0.0675
0 0.22722222222222221 0.8425 0.02666666666666667 0.0675
0 0.6288888888888889 0.22083333333333333 0.02666666666666667 0.0675
0 0.17666666666666667 0.205 0.02666666666666667 0.0675
0 0.4038888888888889 0.8733333333333333 0.02666666666666667 0.0675
0 0.6733333333333333 0.07916666666666666 0.02666666666666667 0.0675
0 0.6272222222222222 0.8675 0.02666666666666667 0.0675
0 0.6983333333333334 0.7975 0.02666666666666667 0.0675
0 0.6055555555555555 0.15333333333333332 0.02666666666666667 0.0675
0 0.5833333333333334 0.2916666666666667 0.02666666666666667 0.0675
0 0.6566666666666666 0.22083333333333333 0.02666666666666667 0.0675
0 0.5388888888888889 0.2175 0.02666666666666667 0.0675
0 0.6494444444444445 0.2916666666666667 0.02666666666666667 0.0675
0 0.17777777777777778 0.4141666666666667 0.02666666666666667 0.0675
0 0.6722222222222223 0.8716666666666667 0.02666666666666667 0.0675
0 0.37777777777777777 0.8733333333333333 0.02666666666666667 0.0675
0 0.25055555555555553 0.8458333333333333 0.02666666666666667 0.0675
0 0.6344444444444445 0.295 0.02666666666666667 0.0675
0 0.1527777777777778 0.3458333333333333 0.02666666666666667 0.0675
0 0.7016666666666667 0.73 0.02666666666666667 0.0675
0 0.5605555555555556 0.29333333333333333 0.02666666666666667 0.0675
0 0.17777777777777778 0.845 0.02666666666666667 0.0675
0 0.65 0.145 0.02666666666666667 0.0675
0 0.5366666666666666 0.29083333333333333 0.02666666666666667 0.0675
0 0.6722222222222223 0.7975 0.02666666666666667 0.0675
0 0.3794444444444444 0.7216666666666667 0.02666666666666667 0.0675
0 0.6533333333333333 0.35833333333333334 0.02666666666666667 0.0675
0 0.445 0.7941666666666667 0.02666666666666667 0.0675
0 0.3338888888888889 0.8716666666666667 0.02666666666666667 0.0675
0 0.2961111111111111 0.8458333333333333 0.02666666666666667 0.0675
0 0.4033333333333333 0.7941666666666667 0.02666666666666667 0.0675
0 0.42333333333333334 0.7966666666666666 0.02666666666666667 0.0675
0 0.5566666666666666 0.21916666666666668 0.02666666666666667 0.0675
0 0.6027777777777777 0.2916666666666667 0.02666666666666667 0.0675
0 0.65 0.795 0.02666666666666667 0.0675
0 0.20277777777777778 0.8408333333333333 0.02666666666666667 0.0675
0 0.4033333333333333 0.72 0.02666666666666667 0.0675
0 0.7833333333333333 0.6558333333333334 0.022222222222222223 0.0625
0 0.17833333333333334 0.5583333333333333 0.022222222222222223 0.0625
0 0.8255555555555556 0.8775 0.022222222222222223 0.0625
0 0.7583333333333333 0.7258333333333333 0.022222222222222223 0.0625
0 0.8033333333333333 0.8766666666666667 0.022222222222222223 0.0625
0 0.7333333333333333 0.6558333333333334 0.022222222222222223 0.0625
0 0.8888888888888888 0.88 0.022222222222222223 0.0625
0 0.8494444444444444 0.8733333333333333 0.022222222222222223 0.0625
0 0.8238888888888889 0.7308333333333333 0.022222222222222223 0.0625
0 0.8716666666666667 0.88 0.022222222222222223 0.0625
0 0.825 0.585 0.022222222222222223 0.0625
0 0.8222222222222222 0.655 0.022222222222222223 0.0625
0 0.7838888888888889 0.7275 0.022222222222222223 0.0625
0 0.7583333333333333 0.6541666666666667 0.022222222222222223 0.0625
0 0.7366666666666667 0.725 0.022222222222222223 0.0625
0 0.78 0.585 0.022222222222222223 0.0625
0 0.7594444444444445 0.88 0.022222222222222223 0.0625
0 0.7622222222222222 0.585 0.022222222222222223 0.0625
0 0.78 0.8775 0.022222222222222223 0.0625
0 0.8477777777777777 0.59 0.022222222222222223 0.0625
0 0.7327777777777778 0.8775 0.022222222222222223 0.0625
0 0.8038888888888889 0.7283333333333334 0.022222222222222223 0.0625
0 0.8027777777777778 0.5858333333333333 0.022222222222222223 0.0625
0 0.8933333333333333 0.59 0.022222222222222223 0.0625
0 0.8038888888888889 0.6541666666666667 0.022222222222222223 0.0625
0 0.74 0.5825 0.022222222222222223 0.0625
0 0.8716666666666667 0.5883333333333334 0.022222222222222223 0.0625
0 0.7838888888888889 0.3641666666666667 0.022222222222222223 0.0625
0 0.8522222222222222 0.2966666666666667 0.022222222222222223 0.0625
0 0.8277777777777777 0.5108333333333334 0.022222222222222223 0.0625
0 0.8533333333333334 0.4425 0.022222222222222223 0.0625
0 0.8077777777777778 0.5108333333333334 0.022222222222222223 0.0625
0 0.7605555555555555 0.14583333333333334 0.022222222222222223 0.0625
0 0.8738888888888889 0.43666666666666665 0.022222222222222223 0.0625
0 0.7577777777777778 0.43583333333333335 0.022222222222222223 0.0625
0 0.7372222222222222 0.14416666666666667 0.022222222222222223 0.0625
0 0.8966666666666666 0.5175 0.022222222222222223 0.0625
0 0.8066666666666666 0.21916666666666668 0.022222222222222223 0.0625
0 0.7827777777777778 0.21583333333333332 0.022222222222222223 0.0625
0 0.735 0.3575 0.022222222222222223 0.0625
0 0.8944444444444445 0.36583333333333334 0.022222222222222223 0.0625
0 0.7394444444444445 0.21666666666666667 0.022222222222222223 0.0625
0 0.7355555555555555 0.5083333333333333 0.022222222222222223 0.0625
0 0.8072222222222222 0.14833333333333334 0.022222222222222223 0.0625
0 0.8733333333333333 0.5125 0.022222222222222223 0.0625
0 0.8305555555555556 0.365 0.022222222222222223 0.0625
0 0.8788888888888889 0.36583333333333334 0.022222222222222223 0.0625
0 0.7361111111111112 0.435 0.022222222222222223 0.0625
0 0.7605555555555555 0.3625 0.022222222222222223 0.0625
0 0.8733333333333333 0.2941666666666667 0.022222222222222223 0.0625
0 0.76 0.21833333333333332 0.022222222222222223 0.0625
0 0.8027777777777778 0.2891666666666667 0.022222222222222223 0.0625
0 0.8533333333333334 0.365 0.022222222222222223 0.0625
0 0.7833333333333333 0.43833333333333335 0.022222222222222223 0.0625
0 0.7866666666666666 0.1475 0.022222222222222223 0.0625
0 0.855 0.2175 0.022222222222222223 0.0625
0 0.83 0.43833333333333335 0.022222222222222223 0.0625
0 0.76 0.5108333333333334 0.022222222222222223 0.0625
0 0.8983333333333333 0.2916666666666667 0.022222222222222223 0.0625
0 0.7361111111111112 0.2891666666666667 0.022222222222222223 0.0625
0 0.805 0.36583333333333334 0.022222222222222223 0.0625
0 0.8322222222222222 0.14 0.022222222222222223 0.0625
0 0.7838888888888889 0.5108333333333334 0.022222222222222223 0.0625
