0 0.21833333333333332 0.6375 0.006 0.017
0 0.149 0.6405 0.01 0.023
0 0.19233333333333333 0.6385 0.007333333333333333 0.021
0 0.09966666666666667 0.6405 0.01 0.027
0 0.17066666666666666 0.637 0.010666666666666666 0.028
0 0.24233333333333335 0.631 0.007333333333333333 0.02
0 0.12366666666666666 0.631 0.01 0.026
0 0.09866666666666667 0.5745 0.008 0.021
0 0.214 0.571 0.008 0.022
0 0.23966666666666667 0.568 0.008666666666666666 0.022
0 0.171 0.569 0.008666666666666666 0.024
0 0.2643333333333333 0.567 0.011333333333333334 0.022
0 0.192 0.567 0.009333333333333334 0.024
0 0.12433333333333334 0.566 0.01 0.028
0 0.14766666666666667 0.503 0.01 0.026
0 0.192 0.499 0.006666666666666667 0.02
0 0.12433333333333334 0.4995 0.008666666666666666 0.023
0 0.262 0.496 0.006666666666666667 0.018
0 0.214 0.5015 0.009333333333333334 0.029
0 0.102 0.4985 0.008 0.023
0 0.243 0.4915 0.008666666666666666 0.021
0 0.16866666666666666 0.497 0.012 0.032
0 0.5113333333333333 0.484 0.009333333333333334 0.028
0 0.26466666666666666 0.4295 0.009333333333333334 0.023
0 0.16933333333333334 0.428 0.009333333333333334 0.022
0 0.14833333333333334 0.4255 0.011333333333333334 0.027
0 0.195 0.4255 0.011333333333333334 0.029
0 0.12266666666666666 0.4245 0.009333333333333334 0.027
0 0.24266666666666667 0.4205 0.010666666666666666 0.023
0 0.09966666666666667 0.423 0.011333333333333334 0.03
0 0.19 0.355 0.009333333333333334 0.024
0 0.264 0.3535 0.010666666666666666 0.023
0 0.243 0.352 0.007333333333333333 0.02
0 0.16566666666666666 0.3555 0.01 0.027
0 0.14266666666666666 0.3565 0.010666666666666666 0.029
0 0.21366666666666667 0.3525 0.007333333333333333 0.023
0 0.11933333333333333 0.356 0.010666666666666666 0.03
0 0.09833333333333333 0.3555 0.011333333333333334 0.037
0 0.09766666666666667 0.2885 0.011333333333333334 0.029
0 0.16666666666666666 0.289 0.013333333333333334 0.036
0 0.14366666666666666 0.285 0.01 0.028
0 0.12233333333333334 0.285 0.01 0.03
0 0.26033333333333336 0.279 0.01 0.026
0 0.21466666666666667 0.282 0.012 0.034
0 0.189 0.2785 0.01 0.027
0 0.23733333333333334 0.279 0.010666666666666666 0.03
0 0.372 0.218 0.010666666666666666 0.026
0 0.32566666666666666 0.213 0.01 0.024
0 0.123 0.213 0.011333333333333334 0.026
0 0.3943333333333333 0.2125 0.01 0.027
0 0.239 0.211 0.01 0.024
0 0.09966666666666667 0.213 0.011333333333333334 0.03
0 0.349 0.2115 0.011333333333333334 0.029
0 0.2613333333333333 0.2085 0.009333333333333334 0.023
0 0.301 0.216 0.014 0.042
0 0.18933333333333333 0.209 0.012 0.028
0 0.21366666666666667 0.207 0.01 0.028
0 0.14333333333333334 0.2045 0.010666666666666666 0.027
0 0.16766666666666666 0.205 0.011333333333333334 0.03
0 0.7323333333333333 0.15 0.011333333333333334 0.028
0 0.709 0.147 0.01 0.024
0 0.3496666666666667 0.145 0.011333333333333334 0.028
0 0.327 0.1445 0.011333333333333334 0.027
0 0.443 0.1405 0.01 0.025
0 0.467 0.139 0.01 0.024
0 0.3963333333333333 0.14 0.01 0.026
0 0.4196666666666667 0.1375 0.01 0.025
0 0.372 0.1375 0.010666666666666666 0.027
0 0.30133333333333334 0.1455 0.014666666666666666 0.043
0 0.8522222222222222 0.5591666666666667 0.008888888888888889 0.018333333333333333
0 0.8269444444444445 0.6283333333333333 0.009444444444444445 0.023333333333333334
0 0.7558333333333334 0.6304166666666666 0.007222222222222222 0.020833333333333332
0 0.7322222222222222 0.6958333333333333 0.008888888888888889 0.025
0 0.8775 0.69625 0.009444444444444445 0.0175
0 0.8030555555555555 0.6295833333333334 0.009444444444444445 0.019166666666666665
0 0.305 0.62625 0.0077777777777777776 0.019166666666666665
0 0.7083333333333334 0.5579166666666666 0.008888888888888889 0.020833333333333332
0 0.40166666666666667 0.7675 0.008888888888888889 0.02
0 0.7822222222222223 0.56 0.011111111111111112 0.02
0 0.8769444444444444 0.55875 0.010555555555555556 0.020833333333333332
0 0.3275 0.63125 0.006111111111111111 0.0175
0 0.8288888888888889 0.5575 0.013333333333333334 0.02
0 0.735 0.6308333333333334 0.008888888888888889 0.021666666666666667
0 0.7097222222222223 0.7 0.009444444444444445 0.021666666666666667
0 0.2175 0.42625 0.012777777777777779 0.024166666666666666
0 0.7297222222222223 0.765 0.008333333333333333 0.021666666666666667
0 0.8027777777777778 0.5508333333333333 0.006666666666666667 0.02666666666666667
0 0.4275 0.7608333333333334 0.009444444444444445 0.021666666666666667
0 0.7797222222222222 0.7020833333333333 0.010555555555555556 0.020833333333333332
0 0.7347222222222223 0.5579166666666666 0.010555555555555556 0.020833333333333332
0 0.8502777777777778 0.6291666666666667 0.012777777777777779 0.025
0 0.8283333333333334 0.70125 0.01 0.014166666666666666
0 0.8755555555555555 0.6270833333333333 0.013333333333333334 0.024166666666666666
0 0.7080555555555555 0.77375 0.010555555555555556 0.019166666666666665
0 0.7563888888888889 0.7008333333333333 0.009444444444444445 0.018333333333333333
0 0.8047222222222222 0.6966666666666667 0.008333333333333333 0.018333333333333333
0 0.8530555555555556 0.69375 0.008333333333333333 0.019166666666666665
0 0.78 0.6304166666666666 0.01 0.019166666666666665
0 0.7094444444444444 0.6283333333333333 0.008888888888888889 0.02
0 0.7577777777777778 0.5541666666666667 0.01 0.021666666666666667
0 0.5069444444444444 0.785 0.007222222222222222 0.018333333333333333
0 0.5116666666666667 0.145 0.008888888888888889 0.02
0 0.5363888888888889 0.13458333333333333 0.007222222222222222 0.024166666666666666
0 0.14972222222222223 0.5595833333333333 0.010555555555555556 0.020833333333333332
