0 0.12633333333333333 0.7905 0.016666666666666666 0.053
0 0.15 0.72 0.017333333333333333 0.054
0 0.2 0.7175 0.017333333333333333 0.055
0 0.17566666666666667 0.7175 0.018 0.055
0 0.29533333333333334 0.7165 0.017333333333333333 0.055
0 0.12533333333333332 0.716 0.017333333333333333 0.056
0 0.221 0.7155 0.018 0.057
0 0.26766666666666666 0.712 0.018 0.056
0 0.12566666666666668 0.6545 0.018 0.055
0 0.17166666666666666 0.6495 0.018 0.055
0 0.22033333333333333 0.649 0.018 0.056
0 0.2693333333333333 0.647 0.018666666666666668 0.054
0 0.19566666666666666 0.6465 0.016666666666666666 0.053
0 0.14966666666666667 0.647 0.018 0.056
0 0.2946666666666667 0.644 0.017333333333333333 0.056
0 0.24566666666666667 0.6385 0.016666666666666666 0.053
0 0.7316666666666667 0.5935 0.018 0.053
0 0.126 0.579 0.017333333333333333 0.056
0 0.198 0.5785 0.018666666666666668 0.057
0 0.2936666666666667 0.576 0.018 0.056
0 0.176 0.573 0.017333333333333333 0.054
0 0.14933333333333335 0.5735 0.017333333333333333 0.055
0 0.24666666666666667 0.572 0.017333333333333333 0.054
0 0.22433333333333333 0.572 0.016666666666666666 0.054
0 0.26966666666666667 0.5705 0.018 0.055
0 0.14966666666666667 0.5075 0.018 0.055
0 0.29333333333333333 0.506 0.017333333333333333 0.054
0 0.19733333333333333 0.507 0.017333333333333333 0.056
0 0.12633333333333333 0.506 0.018 0.056
0 0.17533333333333334 0.504 0.017333333333333333 0.056
0 0.25 0.5015 0.017333333333333333 0.055
0 0.22233333333333333 0.501 0.018 0.056
0 0.4256666666666667 0.4865 0.016666666666666666 0.053
0 0.4523333333333333 0.4835 0.016666666666666666 0.053
0 0.17566666666666667 0.435 0.018 0.056
0 0.14966666666666667 0.4325 0.016666666666666666 0.053
0 0.27566666666666667 0.4305 0.018 0.055
0 0.2976666666666667 0.43 0.018 0.056
0 0.221 0.4305 0.018 0.057
0 0.199 0.4305 0.018 0.057
0 0.24866666666666667 0.428 0.017333333333333333 0.054
0 0.13 0.4275 0.017333333333333333 0.055
0 0.3496666666666667 0.409 0.016666666666666666 0.054
0 0.17533333333333334 0.3655 0.017333333333333333 0.053
0 0.129 0.3645 0.018 0.055
0 0.22233333333333333 0.3615 0.016666666666666666 0.053
0 0.15033333333333335 0.3635 0.018 0.057
0 0.2946666666666667 0.3595 0.017333333333333333 0.055
0 0.24733333333333332 0.359 0.017333333333333333 0.054
0 0.197 0.3585 0.016666666666666666 0.053
0 0.6723333333333333 0.3535 0.016666666666666666 0.053
0 0.2723333333333333 0.355 0.018 0.056
0 0.19633333333333333 0.295 0.018 0.056
0 0.15233333333333332 0.294 0.016666666666666666 0.054
0 0.129 0.2935 0.016666666666666666 0.053
0 0.25 0.2925 0.017333333333333333 0.055
0 0.29733333333333334 0.2915 0.017333333333333333 0.055
0 0.2673333333333333 0.291 0.017333333333333333 0.056
0 0.17433333333333334 0.29 0.016666666666666666 0.054
0 0.22466666666666665 0.289 0.017333333333333333 0.054
0 0.5016666666666667 0.2675 0.016666666666666666 0.053
0 0.3263333333333333 0.2665 0.016666666666666666 0.053
0 0.731 0.231 0.016666666666666666 0.054
0 0.12133333333333333 0.223 0.017333333333333333 0.054
0 0.2926666666666667 0.219 0.017333333333333333 0.054
0 0.247 0.22 0.018 0.056
0 0.15333333333333332 0.22 0.018666666666666668 0.056
0 0.2713333333333333 0.218 0.017333333333333333 0.054
0 0.21933333333333332 0.2185 0.017333333333333333 0.055
0 0.17866666666666667 0.2145 0.017333333333333333 0.055
0 0.24638888888888888 0.7183333333333334 0.020555555555555556 0.051666666666666666
0 0.4483333333333333 0.2658333333333333 0.020555555555555556 0.051666666666666666
0 0.3244444444444444 0.19833333333333333 0.020555555555555556 0.051666666666666666
0 0.49777777777777776 0.4091666666666667 0.020555555555555556 0.051666666666666666
0 0.32166666666666666 0.4925 0.020555555555555556 0.051666666666666666
0 0.37555555555555553 0.26416666666666666 0.020555555555555556 0.051666666666666666
0 0.445 0.4116666666666667 0.020555555555555556 0.051666666666666666
0 0.425 0.41333333333333333 0.020555555555555556 0.051666666666666666
0 0.44722222222222224 0.6341666666666667 0.020555555555555556 0.051666666666666666
0 0.4961111111111111 0.5591666666666667 0.020555555555555556 0.051666666666666666
0 0.37833333333333335 0.19666666666666666 0.020555555555555556 0.051666666666666666
0 0.3738888888888889 0.34 0.020555555555555556 0.051666666666666666
0 0.49833333333333335 0.49 0.020555555555555556 0.051666666666666666
0 0.47944444444444445 0.195 0.020555555555555556 0.051666666666666666
0 0.3761111111111111 0.6325 0.020555555555555556 0.051666666666666666
0 0.4722222222222222 0.6341666666666667 0.020555555555555556 0.051666666666666666
0 0.4061111111111111 0.19416666666666665 0.020555555555555556 0.051666666666666666
0 0.4216666666666667 0.635 0.020555555555555556 0.051666666666666666
0 0.4738888888888889 0.4875 0.020555555555555556 0.051666666666666666
0 0.355 0.19666666666666666 0.020555555555555556 0.051666666666666666
0 0.49722222222222223 0.335 0.020555555555555556 0.051666666666666666
0 0.40166666666666667 0.48333333333333334 0.020555555555555556 0.051666666666666666
0 0.4533333333333333 0.19166666666666668 0.020555555555555556 0.051666666666666666
0 0.35055555555555556 0.4875 0.020555555555555556 0.051666666666666666
0 0.4216666666666667 0.5591666666666667 0.020555555555555556 0.051666666666666666
0 0.5027777777777778 0.19583333333333333 0.020555555555555556 0.051666666666666666
0 0.37277777777777776 0.41333333333333333 0.020555555555555556 0.051666666666666666
0 0.3983333333333333 0.3416666666666667 0.020555555555555556 0.051666666666666666
0 0.3238888888888889 0.5616666666666666 0.020555555555555556 0.051666666666666666
0 0.39444444444444443 0.565 0.020555555555555556 0.051666666666666666
0 0.4261111111111111 0.265 0.020555555555555556 0.051666666666666666
0 0.3977777777777778 0.6341666666666667 0.020555555555555556 0.051666666666666666
0 0.4222222222222222 0.3383333333333333 0.020555555555555556 0.051666666666666666
0 0.40055555555555555 0.4141666666666667 0.020555555555555556 0.051666666666666666
0 0.4011111111111111 0.26416666666666666 0.020555555555555556 0.051666666666666666
0 0.49444444444444446 0.6316666666666667 0.020555555555555556 0.051666666666666666
0 0.43 0.1975 0.020555555555555556 0.051666666666666666
0 0.45 0.3375 0.020555555555555556 0.051666666666666666
0 0.37166666666666665 0.4866666666666667 0.020555555555555556 0.051666666666666666
0 0.45 0.5583333333333333 0.020555555555555556 0.051666666666666666
0 0.3244444444444444 0.64 0.020555555555555556 0.051666666666666666
0 0.4722222222222222 0.3375 0.020555555555555556 0.051666666666666666
0 0.37222222222222223 0.5641666666666667 0.020555555555555556 0.051666666666666666
0 0.3227777777777778 0.3475 0.020555555555555556 0.051666666666666666
0 0.3461111111111111 0.3416666666666667 0.020555555555555556 0.051666666666666666
0 0.47444444444444445 0.4091666666666667 0.020555555555555556 0.051666666666666666
0 0.4727777777777778 0.5575 0.020555555555555556 0.051666666666666666
0 0.32666666666666666 0.41583333333333333 0.020555555555555556 0.051666666666666666
0 0.47555555555555556 0.2658333333333333 0.020555555555555556 0.051666666666666666
0 0.35 0.6383333333333333 0.020555555555555556 0.051666666666666666
0 0.34944444444444445 0.26416666666666666 0.020555555555555556 0.051666666666666666
0 0.3461111111111111 0.5625 0.020555555555555556 0.051666666666666666
0 0.5983333333333334 0.2733333333333333 0.020555555555555556 0.051666666666666666
0 0.6211111111111111 0.2783333333333333 0.020555555555555556 0.051666666666666666
0 0.6955555555555556 0.2783333333333333 0.020555555555555556 0.051666666666666666
0 0.63 0.2 0.020555555555555556 0.051666666666666666
0 0.7005555555555556 0.20166666666666666 0.020555555555555556 0.051666666666666666
0 0.5605555555555556 0.19583333333333333 0.020555555555555556 0.051666666666666666
0 0.5522222222222222 0.27166666666666667 0.020555555555555556 0.051666666666666666
0 0.5766666666666667 0.36083333333333334 0.020555555555555556 0.051666666666666666
0 0.5538888888888889 0.3591666666666667 0.020555555555555556 0.051666666666666666
0 0.6766666666666666 0.20083333333333334 0.020555555555555556 0.051666666666666666
0 0.53 0.2025 0.020555555555555556 0.051666666666666666
0 0.6438888888888888 0.3541666666666667 0.020555555555555556 0.051666666666666666
0 0.695 0.3541666666666667 0.020555555555555556 0.051666666666666666
0 0.7783333333333333 0.23166666666666666 0.020555555555555556 0.051666666666666666
0 0.5988888888888889 0.36 0.020555555555555556 0.051666666666666666
0 0.7533333333333333 0.23083333333333333 0.020555555555555556 0.051666666666666666
0 0.5766666666666667 0.27 0.020555555555555556 0.051666666666666666
0 0.5283333333333333 0.355 0.020555555555555556 0.051666666666666666
0 0.6211111111111111 0.35583333333333333 0.020555555555555556 0.051666666666666666
0 0.6466666666666666 0.2733333333333333 0.020555555555555556 0.051666666666666666
0 0.53 0.27666666666666667 0.020555555555555556 0.051666666666666666
0 0.5838888888888889 0.2 0.020555555555555556 0.051666666666666666
0 0.6694444444444444 0.2775 0.020555555555555556 0.051666666666666666
0 0.6533333333333333 0.1975 0.020555555555555556 0.051666666666666666
0 0.6083333333333333 0.2025 0.020555555555555556 0.051666666666666666
0 0.19666666666666666 0.22083333333333333 0.020555555555555556 0.051666666666666666
0 0.27055555555555555 0.5083333333333333 0.020555555555555556 0.051666666666666666
