0 0.134 0.7005 0.018666666666666668 0.055
0 0.287 0.615 0.020666666666666667 0.054
0 0.256 0.613 0.02 0.054
0 0.22533333333333333 0.611 0.02266666666666667 0.056
0 0.18866666666666668 0.609 0.024 0.058
0 0.13566666666666666 0.2265 0.011333333333333334 0.033
0 0.21 0.231 0.013333333333333334 0.046
0 0.16466666666666666 0.227 0.012 0.04
0 0.18733333333333332 0.2175 0.008 0.033
0 0.235 0.2225 0.011333333333333334 0.045
0 0.26 0.2225 0.012222222222222223 0.028333333333333332
0 0.5769444444444445 0.24166666666666667 0.007222222222222222 0.016666666666666666
0 0.8341666666666666 0.23791666666666667 0.009444444444444445 0.025833333333333333
0 0.8108333333333333 0.23625 0.013888888888888888 0.019166666666666665
0 0.5366666666666666 0.6041666666666666 0.006666666666666667 0.02
0 0.5580555555555555 0.6029166666666667 0.012777777777777779 0.020833333333333332
0 0.16194444444444445 0.61125 0.030555555555555555 0.06416666666666666
0 0.13305555555555557 0.6104166666666667 0.028333333333333332 0.06416666666666666
0 0.7888888888888889 0.23166666666666666 0.015555555555555555 0.025
0 0.5858333333333333 0.6104166666666667 0.009444444444444445 0.020833333333333332
