0 0.323 0.9135 0.011333333333333334 0.041
0 0.639 0.9095 0.011333333333333334 0.041
0 0.5716666666666667 0.905 0.011333333333333334 0.042
0 0.501 0.9045 0.011333333333333334 0.041
0 0.21433333333333332 0.8975 0.011333333333333334 0.041
0 0.095 0.896 0.011333333333333334 0.044
0 0.14766666666666667 0.8935 0.011333333333333334 0.041
0 0.2956666666666667 0.842 0.011333333333333334 0.04
0 0.18833333333333332 0.831 0.011333333333333334 0.042
0 0.09566666666666666 0.831 0.011333333333333334 0.042
0 0.233 0.83 0.011333333333333334 0.042
0 0.14033333333333334 0.829 0.011333333333333334 0.042
0 0.16433333333333333 0.828 0.011333333333333334 0.042
0 0.21233333333333335 0.82 0.011333333333333334 0.042
0 0.435 0.7765 0.011333333333333334 0.041
0 0.32233333333333336 0.7735 0.011333333333333334 0.041
0 0.6396666666666667 0.7725 0.011333333333333334 0.041
0 0.6136666666666667 0.7705 0.011333333333333334 0.041
0 0.499 0.769 0.011333333333333334 0.042
0 0.23566666666666666 0.7615 0.011333333333333334 0.041
0 0.16566666666666666 0.7615 0.011333333333333334 0.041
0 0.12 0.7605 0.012 0.045
0 0.523 0.6985 0.011333333333333334 0.041
0 0.21166666666666667 0.6955 0.011333333333333334 0.041
0 0.09566666666666666 0.6925 0.011333333333333334 0.041
0 0.16566666666666666 0.6925 0.011333333333333334 0.043
0 0.41233333333333333 0.6345 0.011333333333333334 0.041
0 0.16566666666666666 0.6245 0.011333333333333334 0.041
0 0.367 0.5675 0.011333333333333334 0.041
0 0.6383333333333333 0.5645 0.011333333333333334 0.041
0 0.18766666666666668 0.5545 0.011333333333333334 0.041
0 0.6176666666666667 0.4955 0.011333333333333334 0.041
0 0.5703333333333334 0.4955 0.011333333333333334 0.041
0 0.547 0.4915 0.011333333333333334 0.041
0 0.259 0.4815 0.011333333333333334 0.041
0 0.099 0.4795 0.011333333333333334 0.041
0 0.615 0.4255 0.011333333333333334 0.041
0 0.43766666666666665 0.4255 0.011333333333333334 0.041
0 0.663 0.4245 0.011333333333333334 0.041
0 0.501 0.4245 0.011333333333333334 0.041
0 0.19033333333333333 0.414 0.011333333333333334 0.042
0 0.11966666666666667 0.4125 0.011333333333333334 0.041
0 0.099 0.4125 0.011333333333333334 0.041
0 0.235 0.4105 0.011333333333333334 0.041
0 0.14433333333333334 0.411 0.011333333333333334 0.042
0 0.369 0.361 0.011333333333333334 0.042
0 0.4676666666666667 0.3595 0.011333333333333334 0.041
0 0.415 0.3595 0.011333333333333334 0.041
0 0.6623333333333333 0.359 0.011333333333333334 0.042
0 0.32366666666666666 0.3575 0.011333333333333334 0.041
0 0.5236666666666666 0.3555 0.011333333333333334 0.041
0 0.5926666666666667 0.3535 0.010666666666666666 0.041
0 0.6163333333333333 0.3525 0.011333333333333334 0.041
0 0.12133333333333333 0.345 0.010666666666666666 0.042
0 0.16433333333333333 0.3445 0.011333333333333334 0.043
0 0.143 0.3425 0.011333333333333334 0.041
0 0.21133333333333335 0.3415 0.010666666666666666 0.041
0 0.09833333333333333 0.3425 0.011333333333333334 0.043
0 0.189 0.3405 0.011333333333333334 0.041
0 0.641 0.2885 0.011333333333333334 0.041
0 0.32566666666666666 0.2885 0.011333333333333334 0.041
0 0.3016666666666667 0.288 0.011333333333333334 0.042
0 0.525 0.2845 0.011333333333333334 0.041
0 0.5943333333333334 0.284 0.011333333333333334 0.042
0 0.349 0.2835 0.011333333333333334 0.041
0 0.121 0.2755 0.011333333333333334 0.041
0 0.09633333333333334 0.2755 0.011333333333333334 0.041
0 0.21433333333333332 0.2745 0.011333333333333334 0.041
0 0.19033333333333333 0.2745 0.011333333333333334 0.041
0 0.165 0.275 0.011333333333333334 0.042
0 0.23433333333333334 0.2705 0.011333333333333334 0.041
0 0.30233333333333334 0.223 0.011333333333333334 0.042
0 0.3263333333333333 0.2215 0.011333333333333334 0.041
0 0.39366666666666666 0.2205 0.011333333333333334 0.041
0 0.6396666666666667 0.2195 0.011333333333333334 0.041
0 0.5923333333333334 0.2195 0.011333333333333334 0.041
0 0.615 0.2185 0.011333333333333334 0.041
0 0.5483333333333333 0.2175 0.011333333333333334 0.041
0 0.123 0.2175 0.011333333333333334 0.041
0 0.501 0.2165 0.011333333333333334 0.041
0 0.6623333333333333 0.2155 0.011333333333333334 0.041
0 0.847 0.1695 0.011333333333333334 0.041
0 0.7923333333333333 0.165 0.011333333333333334 0.042
0 0.6983333333333334 0.1625 0.011333333333333334 0.041
0 0.7463333333333333 0.1605 0.011333333333333334 0.041
0 0.3463333333333333 0.1565 0.011333333333333334 0.041
0 0.30366666666666664 0.157 0.011333333333333334 0.042
0 0.39166666666666666 0.1535 0.011333333333333334 0.041
0 0.6636666666666666 0.1515 0.011333333333333334 0.041
0 0.639 0.1505 0.011333333333333334 0.041
0 0.523 0.1485 0.011333333333333334 0.041
0 0.5716666666666667 0.1475 0.011333333333333334 0.041
0 0.322 0.148 0.012 0.042
0 0.617 0.146 0.011333333333333334 0.042
0 0.6383333333333333 0.0865 0.011333333333333334 0.041
0 0.723 0.086 0.011333333333333334 0.042
0 0.7463333333333333 0.085 0.011333333333333334 0.042
0 0.865 0.0835 0.011333333333333334 0.041
0 0.795 0.0825 0.011333333333333334 0.041
0 0.7743333333333333 0.0825 0.011333333333333334 0.041
0 0.701 0.083 0.011333333333333334 0.042
0 0.5003333333333333 0.0815 0.011333333333333334 0.041
0 0.39366666666666666 0.0815 0.011333333333333334 0.041
0 0.617 0.081 0.011333333333333334 0.042
0 0.32033333333333336 0.0815 0.011333333333333334 0.043
0 0.8163333333333334 0.0795 0.011333333333333334 0.041
0 0.44033333333333335 0.08 0.011333333333333334 0.042
0 0.3456666666666667 0.0795 0.011333333333333334 0.041
0 0.571 0.0785 0.011333333333333334 0.041
0 0.41633333333333333 0.0785 0.011333333333333334 0.041
0 0.5243333333333333 0.0775 0.011333333333333334 0.041
0 0.18638888888888888 0.6270833333333333 0.01611111111111111 0.0375
0 0.25833333333333336 0.3458333333333333 0.01611111111111111 0.0375
0 0.14333333333333334 0.2783333333333333 0.01611111111111111 0.0375
0 0.23444444444444446 0.3466666666666667 0.01611111111111111 0.0375
0 0.25833333333333336 0.275 0.01611111111111111 0.0375
0 0.45666666666666667 0.9125 0.01611111111111111 0.0375
0 0.3705555555555556 0.6366666666666667 0.01611111111111111 0.0375
0 0.39555555555555555 0.3575 0.01611111111111111 0.0375
0 0.415 0.155 0.01611111111111111 0.0375
0 0.09555555555555556 0.6216666666666667 0.01611111111111111 0.0375
0 0.18777777777777777 0.7608333333333334 0.01611111111111111 0.0375
0 0.46 0.7758333333333334 0.01611111111111111 0.0375
0 0.37166666666666665 0.2225 0.01611111111111111 0.0375
0 0.415 0.43 0.01611111111111111 0.0375
0 0.3244444444444444 0.7025 0.01611111111111111 0.0375
0 0.11888888888888889 0.48583333333333334 0.01611111111111111 0.0375
0 0.43722222222222223 0.5741666666666667 0.01611111111111111 0.0375
0 0.39055555555555554 0.7733333333333333 0.01611111111111111 0.0375
0 0.26055555555555554 0.5541666666666667 0.01611111111111111 0.0375
0 0.43555555555555553 0.49916666666666665 0.01611111111111111 0.0375
0 0.2961111111111111 0.08583333333333333 0.01611111111111111 0.0375
0 0.34444444444444444 0.5025 0.01611111111111111 0.0375
0 0.36944444444444446 0.7033333333333334 0.01611111111111111 0.0375
0 0.31777777777777777 0.84 0.01611111111111111 0.0375
0 0.39166666666666666 0.5733333333333334 0.01611111111111111 0.0375
0 0.32166666666666666 0.5033333333333333 0.01611111111111111 0.0375
0 0.4088888888888889 0.7766666666666666 0.01611111111111111 0.0375
0 0.45555555555555555 0.7116666666666667 0.01611111111111111 0.0375
0 0.25555555555555554 0.6233333333333333 0.01611111111111111 0.0375
0 0.11888888888888889 0.555 0.01611111111111111 0.0375
0 0.46166666666666667 0.29333333333333333 0.01611111111111111 0.0375
0 0.1638888888888889 0.42 0.01611111111111111 0.0375
0 0.2361111111111111 0.6258333333333334 0.01611111111111111 0.0375
0 0.39166666666666666 0.64 0.01611111111111111 0.0375
0 0.21444444444444444 0.7566666666666667 0.01611111111111111 0.0375
0 0.25722222222222224 0.7625 0.01611111111111111 0.0375
0 0.4583333333333333 0.8425 0.01611111111111111 0.0375
0 0.1438888888888889 0.5483333333333333 0.01611111111111111 0.0375
0 0.34833333333333333 0.22416666666666665 0.01611111111111111 0.0375
0 0.3461111111111111 0.5708333333333333 0.01611111111111111 0.0375
0 0.41833333333333333 0.2875 0.01611111111111111 0.0375
0 0.4411111111111111 0.29083333333333333 0.01611111111111111 0.0375
0 0.36777777777777776 0.08333333333333333 0.01611111111111111 0.0375
0 0.17055555555555554 0.8941666666666667 0.01611111111111111 0.0375
0 0.25666666666666665 0.8341666666666666 0.01611111111111111 0.0375
0 0.23333333333333334 0.695 0.01611111111111111 0.0375
0 0.39222222222222225 0.5008333333333334 0.01611111111111111 0.0375
0 0.2111111111111111 0.41583333333333333 0.01611111111111111 0.0375
0 0.23444444444444446 0.48333333333333334 0.01611111111111111 0.0375
0 0.3227777777777778 0.435 0.01611111111111111 0.0375
0 0.36777777777777776 0.5008333333333334 0.01611111111111111 0.0375
0 0.4116666666666667 0.9125 0.01611111111111111 0.0375
0 0.37166666666666665 0.29583333333333334 0.01611111111111111 0.0375
0 0.11722222222222223 0.625 0.01611111111111111 0.0375
0 0.0961111111111111 0.7625 0.01611111111111111 0.0375
0 0.18888888888888888 0.8933333333333333 0.01611111111111111 0.0375
0 0.26 0.905 0.01611111111111111 0.0375
0 0.36444444444444446 0.7716666666666666 0.01611111111111111 0.0375
0 0.25666666666666665 0.415 0.01611111111111111 0.0375
0 0.1 0.215 0.01611111111111111 0.0375
0 0.29833333333333334 0.5666666666666667 0.01611111111111111 0.0375
0 0.14444444444444443 0.48333333333333334 0.01611111111111111 0.0375
0 0.21388888888888888 0.4816666666666667 0.01611111111111111 0.0375
0 0.4388888888888889 0.6425 0.01611111111111111 0.0375
0 0.45944444444444443 0.42833333333333334 0.01611111111111111 0.0375
0 0.3472222222222222 0.64 0.01611111111111111 0.0375
0 0.34 0.9091666666666667 0.01611111111111111 0.0375
0 0.41333333333333333 0.57 0.01611111111111111 0.0375
0 0.14166666666666666 0.6266666666666667 0.01611111111111111 0.0375
0 0.2966666666666667 0.91 0.01611111111111111 0.0375
0 0.37166666666666665 0.43416666666666665 0.01611111111111111 0.0375
0 0.46444444444444444 0.15 0.01611111111111111 0.0375
0 0.4588888888888889 0.5 0.01611111111111111 0.0375
0 0.09388888888888888 0.5541666666666667 0.01611111111111111 0.0375
0 0.3472222222222222 0.36333333333333334 0.01611111111111111 0.0375
0 0.365 0.9058333333333334 0.01611111111111111 0.0375
0 0.16555555555555557 0.4891666666666667 0.01611111111111111 0.0375
0 0.43944444444444447 0.21833333333333332 0.01611111111111111 0.0375
0 0.23722222222222222 0.8975 0.01611111111111111 0.0375
0 0.3438888888888889 0.43666666666666665 0.01611111111111111 0.0375
0 0.4583333333333333 0.6441666666666667 0.01611111111111111 0.0375
0 0.4338888888888889 0.8433333333333334 0.01611111111111111 0.0375
0 0.41388888888888886 0.8416666666666667 0.01611111111111111 0.0375
0 0.3433333333333333 0.8416666666666667 0.01611111111111111 0.0375
0 0.11833333333333333 0.695 0.01611111111111111 0.0375
0 0.11666666666666667 0.8233333333333334 0.01611111111111111 0.0375
0 0.3638888888888889 0.8441666666666666 0.01611111111111111 0.0375
0 0.12166666666666667 0.8941666666666667 0.01611111111111111 0.0375
0 0.3927777777777778 0.43083333333333335 0.01611111111111111 0.0375
0 0.41333333333333333 0.49666666666666665 0.01611111111111111 0.0375
0 0.38722222222222225 0.9066666666666666 0.01611111111111111 0.0375
0 0.46166666666666667 0.5708333333333333 0.01611111111111111 0.0375
0 0.4177777777777778 0.225 0.01611111111111111 0.0375
0 0.32166666666666666 0.5733333333333334 0.01611111111111111 0.0375
0 0.3188888888888889 0.6333333333333333 0.01611111111111111 0.0375
0 0.37222222222222223 0.15416666666666667 0.01611111111111111 0.0375
0 0.34833333333333333 0.7058333333333333 0.01611111111111111 0.0375
0 0.3933333333333333 0.29583333333333334 0.01611111111111111 0.0375
0 0.14277777777777778 0.6958333333333333 0.01611111111111111 0.0375
0 0.4311111111111111 0.91 0.01611111111111111 0.0375
0 0.43666666666666665 0.15666666666666668 0.01611111111111111 0.0375
0 0.3927777777777778 0.8433333333333334 0.01611111111111111 0.0375
0 0.18944444444444444 0.4841666666666667 0.01611111111111111 0.0375
0 0.2111111111111111 0.5533333333333333 0.01611111111111111 0.0375
0 0.16277777777777777 0.5575 0.01611111111111111 0.0375
0 0.43555555555555553 0.7075 0.01611111111111111 0.0375
0 0.4633333333333333 0.08333333333333333 0.01611111111111111 0.0375
0 0.46055555555555555 0.215 0.01611111111111111 0.0375
0 0.29944444444444446 0.49916666666666665 0.01611111111111111 0.0375
0 0.3005555555555556 0.37 0.01611111111111111 0.0375
0 0.4438888888888889 0.36333333333333334 0.01611111111111111 0.0375
0 0.29944444444444446 0.6316666666666667 0.01611111111111111 0.0375
0 0.41388888888888886 0.7033333333333334 0.01611111111111111 0.0375
0 0.34444444444444444 0.7741666666666667 0.01611111111111111 0.0375
0 0.14166666666666666 0.7633333333333333 0.01611111111111111 0.0375
0 0.25666666666666665 0.6941666666666667 0.01611111111111111 0.0375
0 0.3 0.435 0.01611111111111111 0.0375
0 0.29944444444444446 0.705 0.01611111111111111 0.0375
0 0.23166666666666666 0.5558333333333333 0.01611111111111111 0.0375
0 0.29833333333333334 0.7741666666666667 0.01611111111111111 0.0375
0 0.3894444444444444 0.7041666666666667 0.01611111111111111 0.0375
0 0.21055555555555555 0.6283333333333333 0.01611111111111111 0.0375
0 0.18833333333333332 0.6966666666666667 0.01611111111111111 0.0375
0 0.5711111111111111 0.8425 0.01611111111111111 0.0375
0 0.8433333333333334 0.08166666666666667 0.01611111111111111 0.0375
0 0.5722222222222222 0.22 0.01611111111111111 0.0375
0 0.5 0.5633333333333334 0.01611111111111111 0.0375
0 0.5927777777777777 0.08416666666666667 0.01611111111111111 0.0375
0 0.5922222222222222 0.7033333333333334 0.01611111111111111 0.0375
0 0.5461111111111111 0.9091666666666667 0.01611111111111111 0.0375
0 0.6633333333333333 0.49666666666666665 0.01611111111111111 0.0375
0 0.6605555555555556 0.6375 0.01611111111111111 0.0375
0 0.6383333333333333 0.7025 0.01611111111111111 0.0375
0 0.6177777777777778 0.84 0.01611111111111111 0.0375
0 0.8116666666666666 0.165 0.01611111111111111 0.0375
0 0.5905555555555555 0.49333333333333335 0.01611111111111111 0.0375
0 0.5711111111111111 0.29 0.01611111111111111 0.0375
0 0.5038888888888889 0.29 0.01611111111111111 0.0375
0 0.5211111111111111 0.22083333333333333 0.01611111111111111 0.0375
0 0.5688888888888889 0.7091666666666666 0.01611111111111111 0.0375
0 0.5461111111111111 0.4266666666666667 0.01611111111111111 0.0375
0 0.6633333333333333 0.7091666666666666 0.01611111111111111 0.0375
0 0.5905555555555555 0.7741666666666667 0.01611111111111111 0.0375
0 0.49833333333333335 0.1525 0.01611111111111111 0.0375
0 0.5694444444444444 0.5641666666666667 0.01611111111111111 0.0375
0 0.5711111111111111 0.35833333333333334 0.01611111111111111 0.0375
0 0.6672222222222223 0.84 0.01611111111111111 0.0375
0 0.6638888888888889 0.9091666666666667 0.01611111111111111 0.0375
0 0.615 0.905 0.01611111111111111 0.0375
0 0.5927777777777777 0.6316666666666667 0.01611111111111111 0.0375
0 0.5688888888888889 0.6333333333333333 0.01611111111111111 0.0375
0 0.5016666666666667 0.3575 0.01611111111111111 0.0375
0 0.5472222222222223 0.84 0.01611111111111111 0.0375
0 0.6194444444444445 0.6341666666666667 0.01611111111111111 0.0375
0 0.5194444444444445 0.5675 0.01611111111111111 0.0375
0 0.6416666666666667 0.49333333333333335 0.01611111111111111 0.0375
0 0.545 0.1525 0.01611111111111111 0.0375
0 0.6655555555555556 0.29333333333333333 0.01611111111111111 0.0375
0 0.615 0.29333333333333333 0.01611111111111111 0.0375
0 0.6627777777777778 0.08666666666666667 0.01611111111111111 0.0375
0 0.6377777777777778 0.4216666666666667 0.01611111111111111 0.0375
0 0.6177777777777778 0.5683333333333334 0.01611111111111111 0.0375
0 0.6405555555555555 0.6358333333333334 0.01611111111111111 0.0375
0 0.5938888888888889 0.15333333333333332 0.01611111111111111 0.0375
0 0.5688888888888889 0.4241666666666667 0.01611111111111111 0.0375
0 0.545 0.7016666666666667 0.01611111111111111 0.0375
0 0.5672222222222222 0.775 0.01611111111111111 0.0375
0 0.5938888888888889 0.8366666666666667 0.01611111111111111 0.0375
0 0.6661111111111111 0.7725 0.01611111111111111 0.0375
0 0.5238888888888888 0.9008333333333334 0.01611111111111111 0.0375
0 0.5966666666666667 0.9016666666666666 0.01611111111111111 0.0375
0 0.5233333333333333 0.6308333333333334 0.01611111111111111 0.0375
0 0.5483333333333333 0.6308333333333334 0.01611111111111111 0.0375
0 0.49833333333333335 0.6983333333333334 0.01611111111111111 0.0375
0 0.5477777777777778 0.29083333333333333 0.01611111111111111 0.0375
0 0.6411111111111111 0.8375 0.01611111111111111 0.0375
0 0.6377777777777778 0.35333333333333333 0.01611111111111111 0.0375
0 0.7677777777777778 0.16416666666666666 0.01611111111111111 0.0375
0 0.5255555555555556 0.7675 0.01611111111111111 0.0375
0 0.5972222222222222 0.5658333333333333 0.01611111111111111 0.0375
0 0.5483333333333333 0.355 0.01611111111111111 0.0375
0 0.4988888888888889 0.49166666666666664 0.01611111111111111 0.0375
0 0.6155555555555555 0.7033333333333334 0.01611111111111111 0.0375
0 0.5461111111111111 0.5641666666666667 0.01611111111111111 0.0375
0 0.5455555555555556 0.7708333333333334 0.01611111111111111 0.0375
0 0.7188888888888889 0.1625 0.01611111111111111 0.0375
0 0.5255555555555556 0.49833333333333335 0.01611111111111111 0.0375
0 0.545 0.08 0.01611111111111111 0.0375
0 0.6638888888888889 0.5658333333333333 0.01611111111111111 0.0375
0 0.5 0.63 0.01611111111111111 0.0375
0 0.5 0.8391666666666666 0.01611111111111111 0.0375
0 0.525 0.8358333333333333 0.01611111111111111 0.0375
0 0.5205555555555555 0.42333333333333334 0.01611111111111111 0.0375
0 0.5927777777777777 0.425 0.01611111111111111 0.0375
