0 0.24033333333333334 0.65 0.019333333333333334 0.052
0 0.26466666666666666 0.648 0.02 0.052
0 0.21633333333333332 0.648 0.019333333333333334 0.052
0 0.19166666666666668 0.6485 0.019333333333333334 0.053
0 0.14466666666666667 0.647 0.02 0.052
0 0.16766666666666666 0.647 0.020666666666666667 0.054
0 0.12 0.6455 0.02 0.051
0 0.096 0.646 0.02 0.052
0 0.19166666666666668 0.5815 0.019333333333333334 0.053
0 0.21466666666666667 0.58 0.018666666666666668 0.054
0 0.24133333333333334 0.579 0.021333333333333333 0.054
0 0.16766666666666666 0.58 0.020666666666666667 0.056
0 0.26566666666666666 0.5775 0.020666666666666667 0.053
0 0.143 0.578 0.018 0.054
0 0.121 0.576 0.019333333333333334 0.054
0 0.09866666666666667 0.5745 0.018666666666666668 0.053
0 0.26766666666666666 0.51 0.020666666666666667 0.054
0 0.24366666666666667 0.5095 0.019333333333333334 0.053
0 0.217 0.5095 0.019333333333333334 0.053
0 0.16933333333333334 0.5095 0.018666666666666668 0.053
0 0.122 0.508 0.021333333333333333 0.052
0 0.19466666666666665 0.5075 0.018666666666666668 0.053
0 0.14666666666666667 0.5055 0.02 0.055
0 0.09966666666666667 0.504 0.019333333333333334 0.052
0 0.21966666666666668 0.4385 0.019333333333333334 0.051
0 0.196 0.439 0.02 0.052
0 0.24533333333333332 0.4375 0.018666666666666668 0.051
0 0.14533333333333334 0.438 0.02 0.052
0 0.26966666666666667 0.4365 0.020666666666666667 0.051
0 0.16933333333333334 0.4375 0.021333333333333333 0.053
0 0.09733333333333333 0.4365 0.021333333333333333 0.051
0 0.12266666666666666 0.4355 0.02 0.051
0 0.2703333333333333 0.3665 0.019333333333333334 0.051
0 0.123 0.366 0.019333333333333334 0.052
0 0.09866666666666667 0.3655 0.021333333333333333 0.051
0 0.196 0.3645 0.02 0.051
0 0.171 0.3655 0.019333333333333334 0.053
0 0.14833333333333334 0.365 0.020666666666666667 0.052
0 0.24566666666666667 0.3645 0.020666666666666667 0.053
0 0.221 0.364 0.020666666666666667 0.052
0 0.125 0.295 0.019333333333333334 0.052
0 0.22333333333333333 0.2945 0.02 0.053
0 0.173 0.294 0.019333333333333334 0.052
0 0.14966666666666667 0.2935 0.019333333333333334 0.051
0 0.19833333333333333 0.2935 0.020666666666666667 0.053
0 0.10133333333333333 0.293 0.021333333333333333 0.052
0 0.221 0.2245 0.020666666666666667 0.051
0 0.2703333333333333 0.2235 0.018 0.051
0 0.196 0.2235 0.021333333333333333 0.051
0 0.245 0.2215 0.020666666666666667 0.051
0 0.10361111111111111 0.2225 0.017222222222222222 0.05
0 0.24888888888888888 0.2891666666666667 0.017222222222222222 0.05
0 0.09722222222222222 0.7175 0.017222222222222222 0.05
0 0.17055555555555554 0.21666666666666667 0.017222222222222222 0.05
0 0.1511111111111111 0.22333333333333333 0.017222222222222222 0.05
0 0.12611111111111112 0.22166666666666668 0.017222222222222222 0.05
0 0.2677777777777778 0.28833333333333333 0.017222222222222222 0.05
