0 0.13555555555555557 0.2225 0.023333333333333334 0.043333333333333335
0 0.4027777777777778 0.2941666666666667 0.023333333333333334 0.043333333333333335
0 0.4083333333333333 0.5725 0.023333333333333334 0.043333333333333335
0 0.5772222222222222 0.7316666666666667 0.023333333333333334 0.043333333333333335
0 0.13 0.6433333333333333 0.023333333333333334 0.043333333333333335
0 0.4527777777777778 0.21416666666666667 0.023333333333333334 0.043333333333333335
0 0.5338888888888889 0.21833333333333332 0.023333333333333334 0.043333333333333335
0 0.4772222222222222 0.295 0.023333333333333334 0.043333333333333335
0 0.5016666666666667 0.2916666666666667 0.023333333333333334 0.043333333333333335
0 0.43 0.6583333333333333 0.023333333333333334 0.043333333333333335
0 0.455 0.6583333333333333 0.023333333333333334 0.043333333333333335
0 0.4066666666666667 0.655 0.023333333333333334 0.043333333333333335
0 0.4038888888888889 0.22083333333333333 0.023333333333333334 0.043333333333333335
0 0.5305555555555556 0.4483333333333333 0.023333333333333334 0.043333333333333335
0 0.45555555555555555 0.5775 0.023333333333333334 0.043333333333333335
0 0.43 0.5816666666666667 0.023333333333333334 0.043333333333333335
0 0.38166666666666665 0.6575 0.023333333333333334 0.043333333333333335
0 0.20722222222222222 0.6316666666666667 0.023333333333333334 0.043333333333333335
0 0.35555555555555557 0.21916666666666668 0.023333333333333334 0.043333333333333335
0 0.35944444444444446 0.8833333333333333 0.023333333333333334 0.043333333333333335
0 0.35888888888888887 0.655 0.023333333333333334 0.043333333333333335
0 0.38333333333333336 0.5716666666666667 0.023333333333333334 0.043333333333333335
0 0.38055555555555554 0.21833333333333332 0.023333333333333334 0.043333333333333335
0 0.33444444444444443 0.30333333333333334 0.023333333333333334 0.043333333333333335
0 0.3327777777777778 0.22083333333333333 0.023333333333333334 0.043333333333333335
0 0.1827777777777778 0.6375 0.023333333333333334 0.043333333333333335
0 0.5027777777777778 0.21916666666666668 0.023333333333333334 0.043333333333333335
0 0.48 0.58 0.023333333333333334 0.043333333333333335
0 0.5577777777777778 0.45166666666666666 0.023333333333333334 0.043333333333333335
0 0.45166666666666666 0.2941666666666667 0.023333333333333334 0.043333333333333335
0 0.15555555555555556 0.6383333333333333 0.023333333333333334 0.043333333333333335
0 0.335 0.8683333333333333 0.023333333333333334 0.043333333333333335
0 0.42833333333333334 0.295 0.023333333333333334 0.043333333333333335
0 0.4311111111111111 0.21416666666666667 0.023333333333333334 0.043333333333333335
0 0.40555555555555556 0.8883333333333333 0.023333333333333334 0.043333333333333335
0 0.33111111111111113 0.5791666666666667 0.023333333333333334 0.043333333333333335
0 0.38166666666666665 0.30083333333333334 0.023333333333333334 0.043333333333333335
0 0.35944444444444446 0.58 0.023333333333333334 0.043333333333333335
0 0.3333333333333333 0.6533333333333333 0.023333333333333334 0.043333333333333335
0 0.47944444444444445 0.2175 0.023333333333333334 0.043333333333333335
0 0.385 0.8858333333333334 0.023333333333333334 0.043333333333333335
0 0.3566666666666667 0.2991666666666667 0.023333333333333334 0.043333333333333335
0 0.8083333333333333 0.8933333333333333 0.023333333333333334 0.043333333333333335
0 0.8066666666666666 0.285 0.023333333333333334 0.043333333333333335
0 0.7338888888888889 0.6783333333333333 0.023333333333333334 0.043333333333333335
0 0.8294444444444444 0.6691666666666667 0.023333333333333334 0.043333333333333335
0 0.8377777777777777 0.36333333333333334 0.023333333333333334 0.043333333333333335
0 0.7533333333333333 0.44583333333333336 0.023333333333333334 0.043333333333333335
0 0.9083333333333333 0.44166666666666665 0.023333333333333334 0.043333333333333335
0 0.8294444444444444 0.5966666666666667 0.023333333333333334 0.043333333333333335
0 0.91 0.2875 0.023333333333333334 0.043333333333333335
0 0.8066666666666666 0.36333333333333334 0.023333333333333334 0.043333333333333335
0 0.8338888888888889 0.44166666666666665 0.023333333333333334 0.043333333333333335
0 0.9066666666666666 0.3625 0.023333333333333334 0.043333333333333335
0 0.7622222222222222 0.5225 0.023333333333333334 0.043333333333333335
0 0.7377777777777778 0.5941666666666666 0.023333333333333334 0.043333333333333335
0 0.8555555555555555 0.8866666666666667 0.023333333333333334 0.043333333333333335
0 0.7611111111111111 0.8908333333333334 0.023333333333333334 0.043333333333333335
0 0.7333333333333333 0.4425 0.023333333333333334 0.043333333333333335
0 0.8355555555555556 0.2916666666666667 0.023333333333333334 0.043333333333333335
0 0.8083333333333333 0.5191666666666667 0.023333333333333334 0.043333333333333335
0 0.8561111111111112 0.3641666666666667 0.023333333333333334 0.043333333333333335
0 0.8311111111111111 0.5191666666666667 0.023333333333333334 0.043333333333333335
0 0.9044444444444445 0.5158333333333334 0.023333333333333334 0.043333333333333335
0 0.805 0.5983333333333334 0.023333333333333334 0.043333333333333335
0 0.8827777777777778 0.52 0.023333333333333334 0.043333333333333335
0 0.7355555555555555 0.2175 0.023333333333333334 0.043333333333333335
0 0.8794444444444445 0.2891666666666667 0.023333333333333334 0.043333333333333335
0 0.7366666666666667 0.5166666666666667 0.023333333333333334 0.043333333333333335
0 0.9122222222222223 0.2125 0.023333333333333334 0.043333333333333335
0 0.7561111111111111 0.3625 0.023333333333333334 0.043333333333333335
0 0.8138888888888889 0.215 0.023333333333333334 0.043333333333333335
0 0.805 0.6716666666666666 0.023333333333333334 0.043333333333333335
0 0.8527777777777777 0.6733333333333333 0.023333333333333334 0.043333333333333335
0 0.7822222222222223 0.44333333333333336 0.023333333333333334 0.043333333333333335
0 0.7638888888888888 0.68 0.023333333333333334 0.043333333333333335
0 0.8827777777777778 0.36666666666666664 0.023333333333333334 0.043333333333333335
0 0.7361111111111112 0.3675 0.023333333333333334 0.043333333333333335
0 0.8755555555555555 0.6783333333333333 0.023333333333333334 0.043333333333333335
0 0.7827777777777778 0.36583333333333334 0.023333333333333334 0.043333333333333335
0 0.8883333333333333 0.22083333333333333 0.023333333333333334 0.043333333333333335
0 0.7611111111111111 0.5983333333333334 0.023333333333333334 0.043333333333333335
0 0.7822222222222223 0.5233333333333333 0.023333333333333334 0.043333333333333335
0 0.7788888888888889 0.595 0.023333333333333334 0.043333333333333335
0 0.8644444444444445 0.2175 0.023333333333333334 0.043333333333333335
0 0.7833333333333333 0.29833333333333334 0.023333333333333334 0.043333333333333335
0 0.7827777777777778 0.6691666666666667 0.023333333333333334 0.043333333333333335
0 0.8055555555555556 0.44333333333333336 0.023333333333333334 0.043333333333333335
0 0.8544444444444445 0.5908333333333333 0.023333333333333334 0.043333333333333335
0 0.8755555555555555 0.5933333333333334 0.023333333333333334 0.043333333333333335
0 0.8588888888888889 0.2966666666666667 0.023333333333333334 0.043333333333333335
0 0.835 0.2125 0.023333333333333334 0.043333333333333335
0 0.8572222222222222 0.52 0.023333333333333334 0.043333333333333335
0 0.8333333333333334 0.8883333333333333 0.023333333333333334 0.043333333333333335
0 0.8555555555555555 0.44166666666666665 0.023333333333333334 0.043333333333333335
0 0.76 0.22 0.023333333333333334 0.043333333333333335
0 0.8788888888888889 0.43666666666666665 0.023333333333333334 0.043333333333333335
0 0.735 0.8941666666666667 0.023333333333333334 0.043333333333333335
0 0.9072222222222223 0.675 0.023333333333333334 0.043333333333333335
0 0.7883333333333333 0.89 0.023333333333333334 0.043333333333333335
0 0.7638888888888888 0.3016666666666667 0.023333333333333334 0.043333333333333335
0 0.9077777777777778 0.5891666666666666 0.023333333333333334 0.043333333333333335
0 0.7872222222222223 0.22 0.023333333333333334 0.043333333333333335
0 0.7338888888888889 0.29583333333333334 0.023333333333333334 0.043333333333333335
