0 0.6293333333333333 0.892 0.009333333333333334 0.018
0 0.6533333333333333 0.892 0.009333333333333334 0.022
0 0.5556666666666666 0.8895 0.008666666666666666 0.019
0 0.6076666666666667 0.8865 0.01 0.019
0 0.254 0.889 0.016 0.03
0 0.228 0.8855 0.016 0.031
0 0.18 0.8855 0.016 0.033
0 0.205 0.8825 0.014 0.029
0 0.15033333333333335 0.8825 0.015333333333333332 0.033
0 0.129 0.877 0.015333333333333332 0.032
0 0.769 0.8625 0.01 0.019
0 0.652 0.82 0.009333333333333334 0.018
0 0.6283333333333333 0.8195 0.01 0.019
0 0.7036666666666667 0.8135 0.01 0.019
0 0.20233333333333334 0.8175 0.016666666666666666 0.029
0 0.2786666666666667 0.8215 0.014666666666666666 0.041
0 0.254 0.8165 0.017333333333333333 0.037
0 0.177 0.81 0.012666666666666666 0.026
0 0.22633333333333333 0.812 0.015333333333333332 0.032
0 0.12933333333333333 0.8075 0.016 0.025
0 0.155 0.8075 0.016666666666666666 0.029
0 0.5773333333333334 0.739 0.009333333333333334 0.018
0 0.6243333333333333 0.7375 0.01 0.019
0 0.703 0.7325 0.01 0.019
0 0.20566666666666666 0.7375 0.016666666666666666 0.031
0 0.6756666666666666 0.731 0.01 0.02
0 0.12866666666666668 0.737 0.013333333333333334 0.032
0 0.229 0.733 0.014 0.026
0 0.5533333333333333 0.7295 0.009333333333333334 0.021
0 0.2823333333333333 0.733 0.018 0.028
0 0.151 0.7355 0.016666666666666666 0.033
0 0.5276666666666666 0.7275 0.01 0.019
0 0.7346666666666667 0.727 0.010666666666666666 0.022
0 0.25666666666666665 0.7315 0.014666666666666666 0.033
0 0.5823333333333334 0.672 0.01 0.02
0 0.63 0.67 0.010666666666666666 0.02
0 0.53 0.668 0.009333333333333334 0.018
0 0.6793333333333333 0.667 0.009333333333333334 0.018
0 0.555 0.6675 0.01 0.019
0 0.658 0.667 0.010666666666666666 0.02
0 0.6026666666666667 0.6665 0.009333333333333334 0.019
0 0.229 0.66 0.016666666666666666 0.03
0 0.2846666666666667 0.666 0.017333333333333333 0.044
0 0.20366666666666666 0.659 0.018 0.03
0 0.17533333333333334 0.6555 0.014666666666666666 0.025
0 0.12533333333333332 0.656 0.017333333333333333 0.026
0 0.25866666666666666 0.6575 0.016 0.031
0 0.15066666666666667 0.652 0.014666666666666666 0.028
0 0.63 0.5905 0.009333333333333334 0.019
0 0.5316666666666666 0.5875 0.01 0.019
0 0.6033333333333334 0.5865 0.010666666666666666 0.021
0 0.702 0.5835 0.009333333333333334 0.019
0 0.5556666666666666 0.584 0.01 0.02
0 0.6566666666666666 0.582 0.009333333333333334 0.018
0 0.23133333333333334 0.582 0.016 0.032
0 0.15166666666666667 0.58 0.015333333333333332 0.03
0 0.20533333333333334 0.577 0.017333333333333333 0.03
0 0.177 0.5745 0.014 0.029
0 0.129 0.5765 0.016666666666666666 0.033
0 0.257 0.574 0.018 0.038
0 0.283 0.569 0.018 0.032
0 0.6566666666666666 0.517 0.009333333333333334 0.018
0 0.6073333333333333 0.516 0.009333333333333334 0.018
0 0.5306666666666666 0.516 0.009333333333333334 0.018
0 0.58 0.5165 0.010666666666666666 0.021
0 0.5553333333333333 0.5155 0.009333333333333334 0.019
0 0.68 0.514 0.009333333333333334 0.018
0 0.7046666666666667 0.508 0.009333333333333334 0.02
0 0.20733333333333334 0.505 0.014666666666666666 0.028
0 0.15533333333333332 0.5045 0.014666666666666666 0.027
0 0.17833333333333334 0.497 0.012666666666666666 0.024
0 0.23133333333333334 0.4945 0.018666666666666668 0.029
0 0.257 0.491 0.01 0.024
0 0.2853333333333333 0.49 0.016 0.028
0 0.6066666666666667 0.4405 0.009333333333333334 0.019
0 0.5796666666666667 0.438 0.008666666666666666 0.018
0 0.5563333333333333 0.4385 0.01 0.019
0 0.6593333333333333 0.437 0.009333333333333334 0.018
0 0.6323333333333333 0.436 0.008666666666666666 0.018
0 0.5296666666666666 0.435 0.01 0.02
0 0.684 0.4305 0.010666666666666666 0.019
0 0.7093333333333334 0.43 0.010666666666666666 0.02
0 0.129 0.424 0.015333333333333332 0.026
0 0.25733333333333336 0.4195 0.012 0.025
0 0.153 0.423 0.018 0.034
0 0.178 0.42 0.017333333333333333 0.034
0 0.284 0.4145 0.013333333333333334 0.025
0 0.22733333333333333 0.419 0.02 0.038
0 0.20333333333333334 0.4265 0.018666666666666668 0.057
0 0.6036666666666667 0.357 0.01 0.02
0 0.7043333333333334 0.3545 0.01 0.019
0 0.5816666666666667 0.354 0.01 0.02
0 0.677 0.3515 0.01 0.019
0 0.632 0.351 0.009333333333333334 0.018
0 0.6576666666666666 0.351 0.01 0.02
0 0.5576666666666666 0.351 0.01 0.02
0 0.532 0.3495 0.010666666666666666 0.023
0 0.15166666666666667 0.353 0.015333333333333332 0.03
0 0.178 0.345 0.016 0.026
0 0.20233333333333334 0.3455 0.015333333333333332 0.029
0 0.25766666666666665 0.343 0.016666666666666666 0.028
0 0.23066666666666666 0.343 0.016 0.028
0 0.128 0.346 0.017333333333333333 0.034
0 0.2853333333333333 0.3405 0.012 0.027
0 0.7656666666666667 0.3015 0.01 0.021
0 0.7433333333333333 0.2985 0.010666666666666666 0.021
0 0.7946666666666666 0.291 0.009333333333333334 0.018
0 0.8386666666666667 0.286 0.009333333333333334 0.018
0 0.886 0.2825 0.010666666666666666 0.019
0 0.5543333333333333 0.2765 0.01 0.019
0 0.8203333333333334 0.2745 0.01 0.019
0 0.7106666666666667 0.274 0.012 0.02
0 0.5326666666666666 0.272 0.009333333333333334 0.018
0 0.6556666666666666 0.2725 0.01 0.021
0 0.684 0.271 0.010666666666666666 0.02
0 0.6323333333333333 0.2715 0.01 0.021
0 0.5803333333333334 0.272 0.011333333333333334 0.022
0 0.18 0.2675 0.018666666666666668 0.031
0 0.2843333333333333 0.2655 0.011333333333333334 0.029
0 0.128 0.2705 0.017333333333333333 0.039
0 0.20466666666666666 0.2645 0.018666666666666668 0.031
0 0.8213333333333334 0.224 0.010666666666666666 0.02
0 0.7983333333333333 0.222 0.01 0.02
0 0.874 0.2205 0.009333333333333334 0.019
0 0.77 0.221 0.010666666666666666 0.024
0 0.846 0.2185 0.010666666666666666 0.021
0 0.7466666666666667 0.2165 0.010666666666666666 0.019
0 0.9 0.2145 0.010666666666666666 0.023
0 0.5356666666666666 0.1925 0.011333333333333334 0.021
0 0.18166666666666667 0.198 0.018 0.032
0 0.6146666666666667 0.1915 0.010666666666666666 0.021
0 0.7166666666666667 0.1855 0.009333333333333334 0.019
0 0.5893333333333334 0.1855 0.009333333333333334 0.019
0 0.6896666666666667 0.1855 0.01 0.021
0 0.258 0.188 0.014666666666666666 0.026
0 0.20833333333333334 0.1885 0.012666666666666666 0.027
0 0.664 0.1855 0.010666666666666666 0.023
0 0.6403333333333333 0.184 0.01 0.02
0 0.565 0.183 0.01 0.02
0 0.28833333333333333 0.184 0.011333333333333334 0.026
0 0.23166666666666666 0.186 0.016666666666666666 0.032
0 0.129 0.1845 0.015333333333333332 0.029
0 0.7463333333333333 0.1475 0.01 0.019
0 0.797 0.145 0.01 0.02
0 0.771 0.143 0.01 0.02
0 0.8206666666666667 0.141 0.009333333333333334 0.018
0 0.8726666666666667 0.142 0.010666666666666666 0.022
0 0.8996666666666666 0.1375 0.011333333333333334 0.021
0 0.8473333333333334 0.1295 0.009333333333333334 0.019
0 0.381 0.0755 0.014 0.029
0 0.8466666666666667 0.065 0.009333333333333334 0.018
0 0.4026666666666667 0.0705 0.014666666666666666 0.031
0 0.775 0.0655 0.01 0.023
0 0.7473333333333333 0.0645 0.010666666666666666 0.023
0 0.3516666666666667 0.067 0.015333333333333332 0.032
0 0.326 0.065 0.016 0.028
0 0.8973333333333333 0.06 0.012 0.022
0 0.7973333333333333 0.0555 0.009333333333333334 0.019
0 0.48694444444444446 0.6566666666666666 0.010555555555555556 0.02666666666666667
0 0.1272222222222222 0.49833333333333335 0.012222222222222223 0.028333333333333332
0 0.43416666666666665 0.6491666666666667 0.013888888888888888 0.021666666666666667
0 0.28305555555555556 0.8920833333333333 0.020555555555555556 0.025833333333333333
0 0.25666666666666665 0.26625 0.016666666666666666 0.029166666666666667
0 0.32805555555555554 0.57125 0.010555555555555556 0.025833333333333333
0 0.7036111111111111 0.8875 0.012777777777777779 0.03333333333333333
0 0.3811111111111111 0.6520833333333333 0.008888888888888889 0.020833333333333332
0 0.6041666666666666 0.2708333333333333 0.011666666666666667 0.025
0 0.58 0.81125 0.006666666666666667 0.0225
0 0.15388888888888888 0.19375 0.013333333333333334 0.025833333333333333
0 0.4572222222222222 0.6545833333333333 0.012222222222222223 0.025833333333333333
0 0.4036111111111111 0.5725 0.012777777777777779 0.02666666666666667
0 0.4297222222222222 0.5779166666666666 0.012777777777777779 0.020833333333333332
0 0.33055555555555555 0.7270833333333333 0.01 0.019166666666666665
0 0.5811111111111111 0.5891666666666666 0.012222222222222223 0.023333333333333334
0 0.12861111111111112 0.5025 0.01611111111111111 0.025
0 0.15416666666666667 0.2679166666666667 0.01611111111111111 0.035833333333333335
0 0.4072222222222222 0.6520833333333333 0.011111111111111112 0.020833333333333332
0 0.5286111111111111 0.88625 0.013888888888888888 0.0225
0 0.3283333333333333 0.6504166666666666 0.01 0.024166666666666666
0 0.4572222222222222 0.575 0.014444444444444444 0.03
0 0.38 0.57125 0.013333333333333334 0.024166666666666666
0 0.3541666666666667 0.6516666666666666 0.011666666666666667 0.021666666666666667
0 0.6038888888888889 0.8025 0.011111111111111112 0.02666666666666667
0 0.53 0.8095833333333333 0.012222222222222223 0.025833333333333333
0 0.17722222222222223 0.7383333333333333 0.014444444444444444 0.025
0 0.6772222222222222 0.8908333333333334 0.012222222222222223 0.023333333333333334
0 0.35194444444444445 0.5708333333333333 0.008333333333333333 0.025
0 0.5811111111111111 0.8908333333333334 0.014444444444444444 0.016666666666666666
0 0.2313888888888889 0.27166666666666667 0.013888888888888888 0.025
0 0.4822222222222222 0.5791666666666667 0.011111111111111112 0.021666666666666667
0 0.7608333333333334 0.7270833333333333 0.012777777777777779 0.0225
0 0.555 0.8141666666666667 0.011111111111111112 0.02
0 0.7038888888888889 0.6683333333333333 0.011111111111111112 0.02
0 0.8208333333333333 0.059583333333333335 0.012777777777777779 0.024166666666666666
0 0.8727777777777778 0.06291666666666666 0.008888888888888889 0.020833333333333332
0 0.6 0.74 0.011111111111111112 0.02
0 0.6302777777777778 0.5120833333333333 0.012777777777777779 0.020833333333333332
0 0.6766666666666666 0.8233333333333334 0.013333333333333334 0.021666666666666667
0 0.6488888888888888 0.7325 0.012222222222222223 0.025
0 0.6786111111111112 0.58375 0.009444444444444445 0.020833333333333332
