0 0.22766666666666666 0.769 0.022 0.068
0 0.25233333333333335 0.769 0.022 0.07
0 0.129 0.6175 0.022 0.067
0 0.2743333333333333 0.616 0.023333333333333334 0.07
0 0.12966666666666668 0.542 0.022 0.068
0 0.22733333333333333 0.5395 0.02266666666666667 0.069
0 0.20233333333333334 0.539 0.022 0.068
0 0.277 0.537 0.023333333333333334 0.07
0 0.22733333333333333 0.463 0.02266666666666667 0.068
0 0.20233333333333334 0.4635 0.022 0.069
0 0.17666666666666667 0.4635 0.02266666666666667 0.069
0 0.25233333333333335 0.462 0.022 0.07
0 0.279 0.4605 0.023333333333333334 0.069
0 0.227 0.387 0.022 0.068
0 0.25166666666666665 0.386 0.022 0.068
0 0.202 0.386 0.02266666666666667 0.068
0 0.78 0.384 0.02 0.068
0 0.7543333333333333 0.3845 0.020666666666666667 0.069
0 0.2776666666666667 0.385 0.023333333333333334 0.07
0 0.2786666666666667 0.307 0.02266666666666667 0.068
0 0.252 0.306 0.02266666666666667 0.068
0 0.18 0.2275 0.02266666666666667 0.069
0 0.20433333333333334 0.225 0.022 0.068
0 0.13027777777777777 0.22791666666666666 0.021666666666666667 0.06583333333333333
0 0.2477777777777778 0.6166666666666667 0.021666666666666667 0.06583333333333333
0 0.17333333333333334 0.6958333333333333 0.021666666666666667 0.06583333333333333
0 0.6294444444444445 0.46416666666666667 0.021666666666666667 0.06583333333333333
0 0.15222222222222223 0.5433333333333333 0.021666666666666667 0.06583333333333333
0 0.5783333333333334 0.545 0.021666666666666667 0.06583333333333333
0 0.5305555555555556 0.8316666666666667 0.021666666666666667 0.06583333333333333
0 0.1511111111111111 0.6166666666666667 0.021666666666666667 0.06583333333333333
0 0.6794444444444444 0.4666666666666667 0.021666666666666667 0.06583333333333333
0 0.525 0.4725 0.021666666666666667 0.06583333333333333
0 0.175 0.3883333333333333 0.021666666666666667 0.06583333333333333
0 0.3616666666666667 0.2683333333333333 0.021666666666666667 0.06583333333333333
0 0.17722222222222223 0.7683333333333333 0.021666666666666667 0.06583333333333333
0 0.5288888888888889 0.22416666666666665 0.021666666666666667 0.06583333333333333
0 0.5288888888888889 0.6241666666666666 0.021666666666666667 0.06583333333333333
0 0.2511111111111111 0.535 0.021666666666666667 0.06583333333333333
0 0.6566666666666666 0.4666666666666667 0.021666666666666667 0.06583333333333333
0 0.12611111111111112 0.7708333333333334 0.021666666666666667 0.06583333333333333
0 0.2011111111111111 0.30916666666666665 0.021666666666666667 0.06583333333333333
0 0.1738888888888889 0.31166666666666665 0.021666666666666667 0.06583333333333333
0 0.32611111111111113 0.1925 0.021666666666666667 0.06583333333333333
0 0.1761111111111111 0.6158333333333333 0.021666666666666667 0.06583333333333333
0 0.19944444444444445 0.6958333333333333 0.021666666666666667 0.06583333333333333
0 0.5505555555555556 0.47583333333333333 0.021666666666666667 0.06583333333333333
0 0.6016666666666667 0.5408333333333334 0.021666666666666667 0.06583333333333333
0 0.68 0.5425 0.021666666666666667 0.06583333333333333
0 0.1272222222222222 0.38916666666666666 0.021666666666666667 0.06583333333333333
0 0.13 0.6916666666666667 0.021666666666666667 0.06583333333333333
0 0.15166666666666667 0.22333333333333333 0.021666666666666667 0.06583333333333333
0 0.17555555555555555 0.54 0.021666666666666667 0.06583333333333333
0 0.20222222222222222 0.7675 0.021666666666666667 0.06583333333333333
0 0.15388888888888888 0.465 0.021666666666666667 0.06583333333333333
0 0.6016666666666667 0.4716666666666667 0.021666666666666667 0.06583333333333333
0 0.2544444444444444 0.22083333333333333 0.021666666666666667 0.06583333333333333
0 0.5772222222222222 0.6258333333333334 0.021666666666666667 0.06583333333333333
0 0.6272222222222222 0.5441666666666667 0.021666666666666667 0.06583333333333333
0 0.23 0.22 0.021666666666666667 0.06583333333333333
0 0.5538888888888889 0.83 0.021666666666666667 0.06583333333333333
0 0.15444444444444444 0.30916666666666665 0.021666666666666667 0.06583333333333333
0 0.22666666666666666 0.30666666666666664 0.021666666666666667 0.06583333333333333
0 0.2827777777777778 0.22166666666666668 0.021666666666666667 0.06583333333333333
0 0.6522222222222223 0.5441666666666667 0.021666666666666667 0.06583333333333333
0 0.19833333333333333 0.6183333333333333 0.021666666666666667 0.06583333333333333
0 0.15166666666666667 0.7716666666666666 0.021666666666666667 0.06583333333333333
0 0.14722222222222223 0.6908333333333333 0.021666666666666667 0.06583333333333333
0 0.5511111111111111 0.5466666666666666 0.021666666666666667 0.06583333333333333
0 0.5544444444444444 0.625 0.021666666666666667 0.06583333333333333
0 0.5766666666666667 0.4725 0.021666666666666667 0.06583333333333333
0 0.2761111111111111 0.7733333333333333 0.021666666666666667 0.06583333333333333
0 0.2238888888888889 0.6183333333333333 0.021666666666666667 0.06583333333333333
0 0.13 0.31083333333333335 0.021666666666666667 0.06583333333333333
0 0.14777777777777779 0.3883333333333333 0.021666666666666667 0.06583333333333333
0 0.12555555555555556 0.4625 0.021666666666666667 0.06583333333333333
0 0.3277777777777778 0.4866666666666667 0.021666666666666667 0.06583333333333333
0 0.5283333333333333 0.5475 0.021666666666666667 0.06583333333333333
0 0.2733333333333333 0.6933333333333334 0.021666666666666667 0.06583333333333333
0 0.24944444444444444 0.69 0.021666666666666667 0.06583333333333333
0 0.8061111111111111 0.3075 0.021666666666666667 0.06583333333333333
0 0.8027777777777778 0.38416666666666666 0.021666666666666667 0.06583333333333333
0 0.8838888888888888 0.38166666666666665 0.021666666666666667 0.06583333333333333
0 0.8338888888888889 0.30583333333333335 0.021666666666666667 0.06583333333333333
0 0.8388888888888889 0.22916666666666666 0.021666666666666667 0.06583333333333333
0 0.8294444444444444 0.53 0.021666666666666667 0.06583333333333333
0 0.7294444444444445 0.385 0.021666666666666667 0.06583333333333333
0 0.7844444444444445 0.5341666666666667 0.021666666666666667 0.06583333333333333
0 0.8305555555555556 0.38 0.021666666666666667 0.06583333333333333
0 0.8266666666666667 0.4608333333333333 0.021666666666666667 0.06583333333333333
0 0.7283333333333334 0.535 0.021666666666666667 0.06583333333333333
0 0.7305555555555555 0.3075 0.021666666666666667 0.06583333333333333
0 0.225 0.6975 0.021666666666666667 0.06583333333333333
0 0.8572222222222222 0.3858333333333333 0.021666666666666667 0.06583333333333333
0 0.7555555555555555 0.46166666666666667 0.021666666666666667 0.06583333333333333
0 0.7538888888888889 0.6125 0.021666666666666667 0.06583333333333333
0 0.7833333333333333 0.225 0.021666666666666667 0.06583333333333333
0 0.8827777777777778 0.5291666666666667 0.021666666666666667 0.06583333333333333
0 0.73 0.6191666666666666 0.021666666666666667 0.06583333333333333
0 0.7288888888888889 0.4608333333333333 0.021666666666666667 0.06583333333333333
0 0.7338888888888889 0.225 0.021666666666666667 0.06583333333333333
0 0.8022222222222222 0.5333333333333333 0.021666666666666667 0.06583333333333333
0 0.8105555555555556 0.225 0.021666666666666667 0.06583333333333333
0 0.755 0.535 0.021666666666666667 0.06583333333333333
0 0.8511111111111112 0.4558333333333333 0.021666666666666667 0.06583333333333333
0 0.88 0.455 0.021666666666666667 0.06583333333333333
0 0.8605555555555555 0.22416666666666665 0.021666666666666667 0.06583333333333333
0 0.8572222222222222 0.5283333333333333 0.021666666666666667 0.06583333333333333
0 0.7822222222222223 0.30833333333333335 0.021666666666666667 0.06583333333333333
0 0.8072222222222222 0.4625 0.021666666666666667 0.06583333333333333
0 0.7561111111111111 0.31083333333333335 0.021666666666666667 0.06583333333333333
0 0.885 0.2225 0.021666666666666667 0.06583333333333333
0 0.7638888888888888 0.2275 0.021666666666666667 0.06583333333333333
0 0.8583333333333333 0.30416666666666664 0.021666666666666667 0.06583333333333333
0 0.7833333333333333 0.4583333333333333 0.021666666666666667 0.06583333333333333
0 0.8822222222222222 0.30416666666666664 0.021666666666666667 0.06583333333333333
0 0.5905555555555555 0.8270833333333333 0.011111111111111112 0.0225
0 0.5741666666666667 0.82375 0.009444444444444445 0.029166666666666667
0 0.5827777777777777 0.8279166666666666 0.006666666666666667 0.019166666666666665
