0 0.154 0.8845 0.02266666666666667 0.067
0 0.131 0.8845 0.022 0.067
0 0.5776666666666667 0.7495 0.022 0.073
0 0.20233333333333334 0.739 0.022 0.066
0 0.178 0.739 0.021333333333333333 0.068
0 0.13 0.7375 0.021333333333333333 0.067
0 0.15366666666666667 0.7375 0.022 0.069
0 0.2976666666666667 0.735 0.023333333333333334 0.068
0 0.554 0.6745 0.021333333333333333 0.067
0 0.6783333333333333 0.6745 0.022 0.069
0 0.6523333333333333 0.675 0.022 0.07
0 0.5783333333333334 0.6745 0.022 0.069
0 0.628 0.673 0.021333333333333333 0.07
0 0.603 0.6725 0.022 0.073
0 0.27266666666666667 0.665 0.02266666666666667 0.068
0 0.249 0.665 0.023333333333333334 0.068
0 0.2986666666666667 0.6625 0.02266666666666667 0.067
0 0.22466666666666665 0.664 0.02266666666666667 0.07
0 0.6033333333333334 0.599 0.021333333333333333 0.068
0 0.6523333333333333 0.599 0.022 0.07
0 0.5786666666666667 0.598 0.021333333333333333 0.07
0 0.5536666666666666 0.598 0.022 0.07
0 0.677 0.5965 0.022 0.071
0 0.13033333333333333 0.5915 0.022 0.067
0 0.2966666666666667 0.588 0.02266666666666667 0.066
0 0.271 0.5885 0.022 0.067
0 0.24733333333333332 0.589 0.021333333333333333 0.068
0 0.705 0.5235 0.022 0.071
0 0.12933333333333333 0.52 0.021333333333333333 0.066
0 0.6806666666666666 0.5205 0.021333333333333333 0.069
0 0.63 0.5215 0.021333333333333333 0.071
0 0.5806666666666667 0.5215 0.021333333333333333 0.071
0 0.225 0.519 0.022 0.066
0 0.201 0.5195 0.022 0.067
0 0.177 0.5195 0.022 0.067
0 0.6556666666666666 0.52 0.022 0.07
0 0.605 0.5205 0.022 0.071
0 0.5313333333333333 0.5205 0.02266666666666667 0.071
0 0.24866666666666667 0.517 0.02266666666666667 0.068
0 0.2733333333333333 0.5165 0.024 0.069
0 0.17833333333333334 0.4485 0.022 0.067
0 0.13033333333333333 0.4485 0.022 0.067
0 0.20166666666666666 0.4475 0.022 0.067
0 0.24933333333333332 0.446 0.02266666666666667 0.066
0 0.22533333333333333 0.4465 0.02266666666666667 0.067
0 0.2743333333333333 0.4455 0.022 0.067
0 0.18 0.3755 0.02266666666666667 0.067
0 0.156 0.3755 0.02266666666666667 0.067
0 0.132 0.376 0.02266666666666667 0.068
0 0.20366666666666666 0.3735 0.022 0.067
0 0.8036666666666666 0.37 0.022 0.07
0 0.9006666666666666 0.369 0.021333333333333333 0.072
0 0.8276666666666667 0.3675 0.022 0.071
0 0.27166666666666667 0.298 0.022 0.07
0 0.297 0.297 0.022 0.07
0 0.8776666666666667 0.2935 0.022 0.073
0 0.29733333333333334 0.223 0.02266666666666667 0.07
0 0.733 0.2215 0.022 0.069
0 0.7816666666666666 0.2215 0.022 0.071
0 0.806 0.221 0.02266666666666667 0.072
0 0.7566666666666667 0.22 0.02266666666666667 0.07
0 0.855 0.218 0.022 0.07
0 0.7326666666666667 0.147 0.02266666666666667 0.068
0 0.733 0.0735 0.022 0.069
0 0.358 0.0735 0.02266666666666667 0.069
0 0.38266666666666665 0.072 0.02266666666666667 0.068
0 0.9043333333333333 0.0695 0.023333333333333334 0.071
0 0.22722222222222221 0.37375 0.022222222222222223 0.06416666666666666
0 0.275 0.3725 0.022222222222222223 0.06416666666666666
0 0.26666666666666666 0.8116666666666666 0.022222222222222223 0.06416666666666666
0 0.22666666666666666 0.8858333333333334 0.022222222222222223 0.06416666666666666
0 0.295 0.5183333333333333 0.022222222222222223 0.06416666666666666
0 0.24888888888888888 0.8816666666666667 0.022222222222222223 0.06416666666666666
0 0.15166666666666667 0.6691666666666667 0.022222222222222223 0.06416666666666666
0 0.1322222222222222 0.6716666666666666 0.022222222222222223 0.06416666666666666
0 0.17777777777777778 0.8116666666666666 0.022222222222222223 0.06416666666666666
0 0.24555555555555555 0.8125 0.022222222222222223 0.06416666666666666
0 0.19722222222222222 0.6658333333333334 0.022222222222222223 0.06416666666666666
0 0.29333333333333333 0.8091666666666667 0.022222222222222223 0.06416666666666666
0 0.27111111111111114 0.74 0.022222222222222223 0.06416666666666666
0 0.17166666666666666 0.6666666666666666 0.022222222222222223 0.06416666666666666
0 0.3 0.37083333333333335 0.022222222222222223 0.06416666666666666
0 0.24833333333333332 0.74 0.022222222222222223 0.06416666666666666
0 0.405 0.06583333333333333 0.022222222222222223 0.06416666666666666
0 0.2727777777777778 0.21666666666666667 0.022222222222222223 0.06416666666666666
0 0.5361111111111111 0.22833333333333333 0.022222222222222223 0.06416666666666666
0 0.24888888888888888 0.21666666666666667 0.022222222222222223 0.06416666666666666
0 0.15166666666666667 0.525 0.022222222222222223 0.06416666666666666
0 0.13166666666666665 0.22166666666666668 0.022222222222222223 0.06416666666666666
0 0.29944444444444446 0.44666666666666666 0.022222222222222223 0.06416666666666666
0 0.17555555555555555 0.8875 0.022222222222222223 0.06416666666666666
0 0.2011111111111111 0.8825 0.022222222222222223 0.06416666666666666
0 0.14888888888888888 0.22333333333333333 0.022222222222222223 0.06416666666666666
0 0.24888888888888888 0.37416666666666665 0.022222222222222223 0.06416666666666666
0 0.22833333333333333 0.21916666666666668 0.022222222222222223 0.06416666666666666
0 0.22444444444444445 0.29583333333333334 0.022222222222222223 0.06416666666666666
0 0.19944444444444445 0.5925 0.022222222222222223 0.06416666666666666
0 0.15555555555555556 0.8141666666666667 0.022222222222222223 0.06416666666666666
0 0.2922222222222222 0.8766666666666667 0.022222222222222223 0.06416666666666666
0 0.2222222222222222 0.5925 0.022222222222222223 0.06416666666666666
0 0.17666666666666667 0.22333333333333333 0.022222222222222223 0.06416666666666666
0 0.3288888888888889 0.07583333333333334 0.022222222222222223 0.06416666666666666
0 0.22333333333333333 0.7458333333333333 0.022222222222222223 0.06416666666666666
0 0.20055555555555554 0.22 0.022222222222222223 0.06416666666666666
0 0.27055555555555555 0.8816666666666667 0.022222222222222223 0.06416666666666666
0 0.17833333333333334 0.2991666666666667 0.022222222222222223 0.06416666666666666
0 0.20444444444444446 0.8141666666666667 0.022222222222222223 0.06416666666666666
0 0.24833333333333332 0.29333333333333333 0.022222222222222223 0.06416666666666666
0 0.15222222222222223 0.4475 0.022222222222222223 0.06416666666666666
0 0.13055555555555556 0.8175 0.022222222222222223 0.06416666666666666
0 0.22722222222222221 0.8133333333333334 0.022222222222222223 0.06416666666666666
0 0.20277777777777778 0.3 0.022222222222222223 0.06416666666666666
0 0.15722222222222224 0.3 0.022222222222222223 0.06416666666666666
0 0.1738888888888889 0.5916666666666667 0.022222222222222223 0.06416666666666666
0 0.15 0.5925 0.022222222222222223 0.06416666666666666
0 0.13055555555555556 0.2966666666666667 0.022222222222222223 0.06416666666666666
0 0.8816666666666667 0.13916666666666666 0.022222222222222223 0.06416666666666666
0 0.7838888888888889 0.445 0.022222222222222223 0.06416666666666666
0 0.7327777777777778 0.5183333333333333 0.022222222222222223 0.06416666666666666
0 0.7355555555555555 0.445 0.022222222222222223 0.06416666666666666
0 0.8311111111111111 0.5166666666666667 0.022222222222222223 0.06416666666666666
0 0.7561111111111111 0.14583333333333334 0.022222222222222223 0.06416666666666666
0 0.8333333333333334 0.13833333333333334 0.022222222222222223 0.06416666666666666
0 0.7372222222222222 0.37 0.022222222222222223 0.06416666666666666
0 0.7566666666666667 0.29833333333333334 0.022222222222222223 0.06416666666666666
0 0.785 0.07083333333333333 0.022222222222222223 0.06416666666666666
0 0.8316666666666667 0.07166666666666667 0.022222222222222223 0.06416666666666666
0 0.8811111111111111 0.21166666666666667 0.022222222222222223 0.06416666666666666
0 0.7327777777777778 0.29583333333333334 0.022222222222222223 0.06416666666666666
0 0.8055555555555556 0.4425 0.022222222222222223 0.06416666666666666
0 0.83 0.29 0.022222222222222223 0.06416666666666666
0 0.855 0.295 0.022222222222222223 0.06416666666666666
0 0.8072222222222222 0.5175 0.022222222222222223 0.06416666666666666
0 0.81 0.07 0.022222222222222223 0.06416666666666666
0 0.8061111111111111 0.13916666666666666 0.022222222222222223 0.06416666666666666
0 0.86 0.14166666666666666 0.022222222222222223 0.06416666666666666
0 0.7605555555555555 0.4475 0.022222222222222223 0.06416666666666666
0 0.88 0.06833333333333333 0.022222222222222223 0.06416666666666666
0 0.9033333333333333 0.13916666666666666 0.022222222222222223 0.06416666666666666
0 0.7777777777777778 0.2975 0.022222222222222223 0.06416666666666666
0 0.7611111111111111 0.07333333333333333 0.022222222222222223 0.06416666666666666
0 0.9016666666666666 0.445 0.022222222222222223 0.06416666666666666
0 0.7577777777777778 0.36916666666666664 0.022222222222222223 0.06416666666666666
0 0.8311111111111111 0.445 0.022222222222222223 0.06416666666666666
0 0.7583333333333333 0.5175 0.022222222222222223 0.06416666666666666
0 0.7833333333333333 0.5175 0.022222222222222223 0.06416666666666666
0 0.8566666666666667 0.06666666666666667 0.022222222222222223 0.06416666666666666
0 0.8066666666666666 0.29583333333333334 0.022222222222222223 0.06416666666666666
0 0.8788888888888889 0.36916666666666664 0.022222222222222223 0.06416666666666666
0 0.8744444444444445 0.445 0.022222222222222223 0.06416666666666666
0 0.7816666666666666 0.36583333333333334 0.022222222222222223 0.06416666666666666
0 0.8533333333333334 0.44583333333333336 0.022222222222222223 0.06416666666666666
0 0.9038888888888889 0.21333333333333335 0.022222222222222223 0.06416666666666666
0 0.8277777777777777 0.21666666666666667 0.022222222222222223 0.06416666666666666
0 0.9044444444444445 0.28833333333333333 0.022222222222222223 0.06416666666666666
0 0.8566666666666667 0.3641666666666667 0.022222222222222223 0.06416666666666666
0 0.7822222222222223 0.14333333333333334 0.022222222222222223 0.06416666666666666
0 0.5772222222222222 0.8291666666666667 0.022222222222222223 0.06416666666666666
0 0.6338888888888888 0.4483333333333333 0.022222222222222223 0.06416666666666666
0 0.6488888888888888 0.835 0.022222222222222223 0.06416666666666666
0 0.6061111111111112 0.44666666666666666 0.022222222222222223 0.06416666666666666
0 0.53 0.6 0.022222222222222223 0.06416666666666666
0 0.55 0.8283333333333334 0.022222222222222223 0.06416666666666666
0 0.5322222222222223 0.4425 0.022222222222222223 0.06416666666666666
0 0.6288888888888889 0.5991666666666666 0.022222222222222223 0.06416666666666666
0 0.5827777777777777 0.44416666666666665 0.022222222222222223 0.06416666666666666
0 0.5555555555555556 0.525 0.022222222222222223 0.06416666666666666
0 0.6261111111111111 0.8341666666666666 0.022222222222222223 0.06416666666666666
0 0.555 0.7508333333333334 0.022222222222222223 0.06416666666666666
0 0.53 0.67 0.022222222222222223 0.06416666666666666
0 0.6727777777777778 0.8366666666666667 0.022222222222222223 0.06416666666666666
0 0.675 0.7525 0.022222222222222223 0.06416666666666666
0 0.6255555555555555 0.7508333333333334 0.022222222222222223 0.06416666666666666
0 0.5233333333333333 0.8325 0.022222222222222223 0.06416666666666666
0 0.5283333333333333 0.7533333333333333 0.022222222222222223 0.06416666666666666
0 0.7033333333333334 0.5941666666666666 0.022222222222222223 0.06416666666666666
0 0.7005555555555556 0.7533333333333333 0.022222222222222223 0.06416666666666666
0 0.6805555555555556 0.4425 0.022222222222222223 0.06416666666666666
0 0.6033333333333334 0.8283333333333334 0.022222222222222223 0.06416666666666666
0 0.6005555555555555 0.7491666666666666 0.022222222222222223 0.06416666666666666
0 0.6516666666666666 0.7475 0.022222222222222223 0.06416666666666666
0 0.7072222222222222 0.445 0.022222222222222223 0.06416666666666666
0 0.5577777777777778 0.44666666666666666 0.022222222222222223 0.06416666666666666
0 0.6572222222222223 0.4425 0.022222222222222223 0.06416666666666666
0 0.7016666666666667 0.8366666666666667 0.022222222222222223 0.06416666666666666
0 0.7088888888888889 0.6766666666666666 0.022222222222222223 0.06416666666666666
