0 0.9286666666666666 0.884 0.02266666666666667 0.062
0 0.8863333333333333 0.8815 0.019333333333333334 0.061
0 0.8133333333333334 0.881 0.017333333333333333 0.06
0 0.7283333333333334 0.881 0.016666666666666666 0.06
0 0.6086666666666667 0.8805 0.014666666666666666 0.059
0 0.8613333333333333 0.8795 0.014666666666666666 0.059
0 0.7066666666666667 0.8795 0.013333333333333334 0.059
0 0.68 0.879 0.014666666666666666 0.058
0 0.658 0.879 0.018666666666666668 0.058
0 0.6386666666666667 0.8785 0.013333333333333334 0.057
0 0.7653333333333333 0.8785 0.016 0.059
0 0.567 0.876 0.018 0.056
0 0.589 0.8755 0.018 0.059
0 0.16 0.866 0.012 0.04
0 0.434 0.867 0.02 0.052
0 0.32366666666666666 0.8645 0.012666666666666666 0.051
0 0.4076666666666667 0.865 0.015333333333333332 0.056
0 0.3863333333333333 0.864 0.019333333333333334 0.058
0 0.36466666666666664 0.8635 0.018666666666666668 0.059
0 0.30566666666666664 0.8585 0.019333333333333334 0.055
0 0.504 0.8595 0.017333333333333333 0.059
0 0.2773333333333333 0.86 0.016 0.06
0 0.23466666666666666 0.8585 0.02 0.057
0 0.185 0.8595 0.016666666666666666 0.061
0 0.25866666666666666 0.855 0.02266666666666667 0.058
0 0.8396666666666667 0.8095 0.015333333333333332 0.061
0 0.7263333333333334 0.808 0.014 0.058
0 0.6826666666666666 0.8085 0.014666666666666666 0.059
0 0.7046666666666667 0.8075 0.016 0.059
0 0.6586666666666666 0.8025 0.013333333333333334 0.049
0 0.9086666666666666 0.806 0.018666666666666668 0.06
0 0.768 0.805 0.016 0.06
0 0.5853333333333334 0.799 0.013333333333333334 0.052
0 0.43033333333333335 0.793 0.014 0.05
0 0.383 0.7925 0.014 0.051
0 0.45566666666666666 0.7925 0.014 0.057
0 0.527 0.79 0.014 0.058
0 0.3586666666666667 0.7885 0.013333333333333334 0.055
0 0.328 0.7875 0.016 0.057
0 0.208 0.7885 0.016 0.059
0 0.30333333333333334 0.788 0.014666666666666666 0.06
0 0.25633333333333336 0.786 0.015333333333333332 0.06
0 0.23133333333333334 0.7845 0.016 0.059
0 0.18633333333333332 0.785 0.018 0.06
0 0.9073333333333333 0.7375 0.018666666666666668 0.059
0 0.9296666666666666 0.7365 0.020666666666666667 0.061
0 0.7926666666666666 0.7355 0.014666666666666666 0.059
0 0.16 0.7275 0.009333333333333334 0.043
0 0.839 0.7325 0.014 0.059
0 0.813 0.732 0.018 0.06
0 0.6813333333333333 0.7305 0.013333333333333334 0.057
0 0.5856666666666667 0.7315 0.014 0.059
0 0.528 0.723 0.012 0.042
0 0.45466666666666666 0.718 0.013333333333333334 0.044
0 0.563 0.724 0.014 0.06
0 0.4073333333333333 0.7205 0.014666666666666666 0.053
0 0.365 0.7185 0.019333333333333334 0.051
0 0.47833333333333333 0.7175 0.014 0.053
0 0.21066666666666667 0.7165 0.018666666666666668 0.053
0 0.23333333333333334 0.716 0.016 0.056
0 0.5046666666666667 0.7165 0.014666666666666666 0.061
0 0.19033333333333333 0.7145 0.020666666666666667 0.057
0 0.84 0.6655 0.014666666666666666 0.059
0 0.9113333333333333 0.6665 0.016 0.063
0 0.7896666666666666 0.6565 0.015333333333333332 0.043
0 0.7296666666666667 0.6615 0.014 0.055
0 0.8876666666666667 0.663 0.016666666666666666 0.06
0 0.8646666666666667 0.6635 0.014666666666666666 0.061
0 0.6566666666666666 0.659 0.014666666666666666 0.054
0 0.6336666666666667 0.6555 0.012666666666666666 0.049
0 0.164 0.652 0.009333333333333334 0.042
0 0.5846666666666667 0.6515 0.013333333333333334 0.045
0 0.361 0.653 0.012666666666666666 0.05
0 0.5623333333333334 0.655 0.014 0.058
0 0.5263333333333333 0.648 0.012666666666666666 0.044
0 0.6813333333333333 0.6535 0.013333333333333334 0.057
0 0.6116666666666667 0.654 0.014 0.058
0 0.503 0.6465 0.011333333333333334 0.043
0 0.45866666666666667 0.6485 0.02 0.053
0 0.42766666666666664 0.645 0.012666666666666666 0.046
0 0.4086666666666667 0.6475 0.018666666666666668 0.057
0 0.38766666666666666 0.6445 0.020666666666666667 0.059
0 0.33 0.6445 0.017333333333333333 0.059
0 0.306 0.644 0.018666666666666668 0.06
0 0.9323333333333333 0.596 0.018 0.06
0 0.9076666666666666 0.596 0.018 0.06
0 0.885 0.5955 0.018 0.059
0 0.863 0.589 0.016666666666666666 0.046
0 0.6843333333333333 0.5875 0.014 0.049
0 0.7066666666666667 0.588 0.013333333333333334 0.054
0 0.7926666666666666 0.587 0.013333333333333334 0.056
0 0.66 0.5805 0.013333333333333334 0.043
0 0.6346666666666667 0.586 0.014666666666666666 0.056
0 0.7656666666666667 0.5835 0.015333333333333332 0.057
0 0.5856666666666667 0.585 0.014 0.06
0 0.61 0.581 0.014666666666666666 0.056
0 0.73 0.5815 0.014666666666666666 0.059
0 0.5623333333333334 0.5805 0.014 0.057
0 0.4786666666666667 0.579 0.014666666666666666 0.054
0 0.525 0.579 0.014 0.056
0 0.35933333333333334 0.577 0.013333333333333334 0.056
0 0.43066666666666664 0.575 0.014666666666666666 0.058
0 0.4583333333333333 0.5745 0.019333333333333334 0.059
0 0.408 0.575 0.016 0.06
0 0.38666666666666666 0.5745 0.02 0.059
0 0.8823333333333333 0.5215 0.011333333333333334 0.045
0 0.767 0.5165 0.012666666666666666 0.053
0 0.935 0.52 0.019333333333333334 0.062
0 0.634 0.512 0.009333333333333334 0.046
0 0.8606666666666667 0.5155 0.016 0.057
0 0.7946666666666666 0.511 0.012 0.048
0 0.6833333333333333 0.5115 0.013333333333333334 0.049
0 0.706 0.511 0.013333333333333334 0.054
0 0.815 0.509 0.016666666666666666 0.056
0 0.6113333333333333 0.508 0.014666666666666666 0.056
0 0.5616666666666666 0.5055 0.012666666666666666 0.051
0 0.729 0.507 0.014 0.058
0 0.4796666666666667 0.505 0.016666666666666666 0.054
0 0.36 0.505 0.014666666666666666 0.054
0 0.6586666666666666 0.506 0.014666666666666666 0.06
0 0.5003333333333333 0.5035 0.015333333333333332 0.057
0 0.5253333333333333 0.502 0.014666666666666666 0.06
0 0.408 0.5 0.018666666666666668 0.056
0 0.383 0.501 0.015333333333333332 0.058
0 0.43133333333333335 0.5005 0.018666666666666668 0.059
0 0.453 0.4985 0.015333333333333332 0.059
0 0.30466666666666664 0.498 0.016 0.06
0 0.743 0.4865 0.011333333333333334 0.041
0 0.7926666666666666 0.4435 0.013333333333333334 0.051
0 0.864 0.4445 0.012 0.057
0 0.8166666666666667 0.4425 0.013333333333333334 0.059
0 0.8453333333333334 0.442 0.016 0.06
0 0.47533333333333333 0.4335 0.013333333333333334 0.045
0 0.8896666666666667 0.4405 0.015333333333333332 0.061
0 0.7703333333333333 0.438 0.014 0.056
0 0.49966666666666665 0.4315 0.012666666666666666 0.043
0 0.4043333333333333 0.4335 0.014 0.049
0 0.73 0.4345 0.013333333333333334 0.053
0 0.66 0.4365 0.014666666666666666 0.057
0 0.6103333333333333 0.433 0.014 0.05
0 0.5263333333333333 0.431 0.012666666666666666 0.046
0 0.6826666666666666 0.4365 0.014666666666666666 0.059
0 0.356 0.433 0.014666666666666666 0.052
0 0.5876666666666667 0.4345 0.014 0.057
0 0.382 0.4325 0.013333333333333334 0.053
0 0.706 0.4345 0.014666666666666666 0.059
0 0.42933333333333334 0.4325 0.016 0.059
0 0.233 0.433 0.020666666666666667 0.06
0 0.3243333333333333 0.431 0.018 0.06
0 0.2796666666666667 0.431 0.016666666666666666 0.06
0 0.456 0.428 0.018666666666666668 0.06
0 0.934 0.3745 0.016 0.059
0 0.7693333333333333 0.373 0.013333333333333334 0.056
0 0.8146666666666667 0.373 0.014666666666666666 0.058
0 0.793 0.371 0.014 0.054
0 0.6606666666666666 0.367 0.013333333333333334 0.048
0 0.9123333333333333 0.3725 0.015333333333333332 0.061
0 0.8886666666666667 0.3695 0.016 0.061
0 0.23533333333333334 0.359 0.010666666666666666 0.04
0 0.866 0.3675 0.014666666666666666 0.061
0 0.8423333333333334 0.3675 0.015333333333333332 0.061
0 0.5613333333333334 0.3625 0.013333333333333334 0.053
0 0.45566666666666666 0.3615 0.016666666666666666 0.053
0 0.706 0.3635 0.014666666666666666 0.059
0 0.5873333333333334 0.3625 0.013333333333333334 0.057
0 0.476 0.3625 0.013333333333333334 0.059
0 0.329 0.3615 0.018 0.059
0 0.7306666666666667 0.3605 0.014666666666666666 0.059
0 0.684 0.3605 0.014666666666666666 0.061
0 0.5256666666666666 0.3565 0.014 0.055
0 0.4066666666666667 0.358 0.014666666666666666 0.06
0 0.36333333333333334 0.357 0.018666666666666668 0.06
0 0.384 0.356 0.016 0.06
0 0.43133333333333335 0.355 0.014666666666666666 0.06
0 0.299 0.355 0.023333333333333334 0.062
0 0.9383333333333334 0.3025 0.019333333333333334 0.061
0 0.89 0.299 0.018666666666666668 0.062
0 0.8423333333333334 0.297 0.014 0.06
0 0.865 0.297 0.018 0.062
0 0.45566666666666666 0.293 0.015333333333333332 0.054
0 0.8166666666666667 0.2955 0.017333333333333333 0.061
0 0.6613333333333333 0.2915 0.013333333333333334 0.057
0 0.38133333333333336 0.2895 0.013333333333333334 0.053
0 0.363 0.289 0.020666666666666667 0.052
0 0.6836666666666666 0.292 0.015333333333333332 0.06
0 0.5613333333333334 0.286 0.013333333333333334 0.05
0 0.7336666666666667 0.29 0.015333333333333332 0.06
0 0.406 0.288 0.014666666666666666 0.06
0 0.5876666666666667 0.287 0.015333333333333332 0.06
0 0.43166666666666664 0.2865 0.016666666666666666 0.059
0 0.32866666666666666 0.287 0.018666666666666668 0.06
0 0.25733333333333336 0.2875 0.02 0.061
0 0.47933333333333333 0.2855 0.014666666666666666 0.059
0 0.23533333333333334 0.286 0.02 0.06
0 0.5273333333333333 0.284 0.014666666666666666 0.058
0 0.5026666666666667 0.284 0.014666666666666666 0.058
0 0.21033333333333334 0.2845 0.020666666666666667 0.061
0 0.18833333333333332 0.2845 0.016666666666666666 0.061
0 0.30566666666666664 0.2825 0.020666666666666667 0.061
0 0.2823333333333333 0.282 0.016666666666666666 0.06
0 0.9406666666666667 0.228 0.014666666666666666 0.056
0 0.8176666666666667 0.23 0.018 0.06
0 0.8433333333333334 0.2245 0.013333333333333334 0.055
0 0.5613333333333334 0.2205 0.013333333333333334 0.051
0 0.71 0.221 0.014666666666666666 0.058
0 0.794 0.2215 0.018666666666666668 0.061
0 0.7716666666666666 0.2215 0.016666666666666666 0.061
0 0.35733333333333334 0.219 0.014666666666666666 0.06
0 0.6373333333333333 0.2175 0.014666666666666666 0.061
0 0.611 0.217 0.015333333333333332 0.06
0 0.6846666666666666 0.216 0.014666666666666666 0.06
0 0.478 0.216 0.014666666666666666 0.06
0 0.4043333333333333 0.2145 0.015333333333333332 0.057
0 0.434 0.214 0.021333333333333333 0.06
0 0.38433333333333336 0.2145 0.016666666666666666 0.061
0 0.5053333333333333 0.211 0.016 0.058
0 0.45366666666666666 0.2105 0.015333333333333332 0.061
0 0.527 0.206 0.015333333333333332 0.06
0 0.9163333333333333 0.156 0.018 0.062
0 0.867 0.1545 0.015333333333333332 0.061
0 0.89 0.1535 0.021333333333333333 0.061
0 0.9403333333333334 0.153 0.016666666666666666 0.062
0 0.819 0.1525 0.016666666666666666 0.061
0 0.771 0.1515 0.015333333333333332 0.061
0 0.686 0.1485 0.014666666666666666 0.061
0 0.798 0.147 0.016 0.06
0 0.38333333333333336 0.146 0.014666666666666666 0.058
0 0.3636666666666667 0.147 0.022 0.06
0 0.843 0.1465 0.016666666666666666 0.061
0 0.7086666666666667 0.1455 0.016 0.061
0 0.6376666666666667 0.145 0.020666666666666667 0.06
0 0.615 0.1455 0.020666666666666667 0.061
0 0.5056666666666667 0.143 0.019333333333333334 0.058
0 0.561 0.1435 0.015333333333333332 0.061
0 0.5916666666666667 0.142 0.019333333333333334 0.06
0 0.4543333333333333 0.1425 0.016666666666666666 0.061
0 0.434 0.141 0.018666666666666668 0.06
0 0.5283333333333333 0.1405 0.015333333333333332 0.061
0 0.482 0.1385 0.021333333333333333 0.061
0 0.917 0.0795 0.015333333333333332 0.055
0 0.7713333333333333 0.08 0.016 0.06
0 0.866 0.08 0.02266666666666667 0.062
0 0.8416666666666667 0.078 0.022 0.062
0 0.794 0.078 0.02 0.062
0 0.6833333333333333 0.0755 0.016 0.061
0 0.8176666666666667 0.075 0.022 0.062
0 0.7316666666666667 0.073 0.015333333333333332 0.062
0 0.38966666666666666 0.073 0.020666666666666667 0.062
0 0.6586666666666666 0.0715 0.021333333333333333 0.061
0 0.4126666666666667 0.0715 0.021333333333333333 0.061
0 0.53 0.0705 0.016 0.061
0 0.5066666666666667 0.0705 0.018666666666666668 0.061
0 0.6376666666666667 0.07 0.020666666666666667 0.062
0 0.6146666666666667 0.0695 0.021333333333333333 0.061
0 0.5873333333333334 0.0695 0.016 0.061
0 0.5686666666666667 0.0695 0.02 0.061
0 0.365 0.0695 0.022 0.061
0 0.4836666666666667 0.0685 0.020666666666666667 0.061
0 0.1663888888888889 0.2875 0.02277777777777778 0.055
0 0.6588888888888889 0.22166666666666668 0.02277777777777778 0.055
0 0.6322222222222222 0.7258333333333333 0.02277777777777778 0.055
0 0.7338888888888889 0.2175 0.02277777777777778 0.055
0 0.5627777777777778 0.7908333333333334 0.02277777777777778 0.055
0 0.6333333333333333 0.2941666666666667 0.02277777777777778 0.055
0 0.18666666666666668 0.42833333333333334 0.02277777777777778 0.055
0 0.455 0.8708333333333333 0.02277777777777778 0.055
0 0.19277777777777777 0.355 0.02277777777777778 0.055
0 0.5033333333333333 0.35833333333333334 0.02277777777777778 0.055
0 0.33055555555555555 0.7158333333333333 0.02277777777777778 0.055
0 0.28055555555555556 0.5 0.02277777777777778 0.055
0 0.2088888888888889 0.43 0.02277777777777778 0.055
0 0.3277777777777778 0.5675 0.02277777777777778 0.055
0 0.2827777777777778 0.6441666666666667 0.02277777777777778 0.055
0 0.7111111111111111 0.07833333333333334 0.02277777777777778 0.055
0 0.4338888888888889 0.07083333333333333 0.02277777777777778 0.055
0 0.45944444444444443 0.06916666666666667 0.02277777777777778 0.055
0 0.6611111111111111 0.14166666666666666 0.02277777777777778 0.055
0 0.3861111111111111 0.715 0.02277777777777778 0.055
0 0.7094444444444444 0.7325 0.02277777777777778 0.055
0 0.6172222222222222 0.7983333333333333 0.02277777777777778 0.055
0 0.5011111111111111 0.5775 0.02277777777777778 0.055
0 0.21055555555555555 0.8558333333333333 0.02277777777777778 0.055
0 0.6327777777777778 0.3616666666666667 0.02277777777777778 0.055
0 0.1622222222222222 0.7833333333333333 0.02277777777777778 0.055
0 0.48388888888888887 0.7966666666666666 0.02277777777777778 0.055
0 0.21166666666666667 0.5691666666666667 0.02277777777777778 0.055
0 0.6122222222222222 0.7216666666666667 0.02277777777777778 0.055
0 0.2811111111111111 0.35083333333333333 0.02277777777777778 0.055
0 0.6127777777777778 0.35833333333333334 0.02277777777777778 0.055
0 0.2611111111111111 0.4975 0.02277777777777778 0.055
0 0.6138888888888889 0.2925 0.02277777777777778 0.055
0 0.21333333333333335 0.3516666666666667 0.02277777777777778 0.055
0 0.6433333333333333 0.43 0.02277777777777778 0.055
0 0.21 0.49833333333333335 0.02277777777777778 0.055
0 0.2833333333333333 0.7833333333333333 0.02277777777777778 0.055
0 0.1622222222222222 0.5025 0.02277777777777778 0.055
0 0.18388888888888888 0.64 0.02277777777777778 0.055
0 0.18611111111111112 0.49583333333333335 0.02277777777777778 0.055
0 0.18611111111111112 0.5666666666666667 0.02277777777777778 0.055
0 0.5238888888888888 0.8658333333333333 0.02277777777777778 0.055
0 0.15944444444444444 0.43416666666666665 0.02277777777777778 0.055
0 0.4338888888888889 0.7175 0.02277777777777778 0.055
0 0.5872222222222222 0.51 0.02277777777777778 0.055
0 0.6622222222222223 0.735 0.02277777777777778 0.055
0 0.30444444444444446 0.7141666666666666 0.02277777777777778 0.055
0 0.7088888888888889 0.6616666666666666 0.02277777777777778 0.055
0 0.305 0.57 0.02277777777777778 0.055
0 0.7083333333333334 0.29083333333333333 0.02277777777777778 0.055
0 0.6394444444444445 0.7925 0.02277777777777778 0.055
0 0.3283333333333333 0.49583333333333335 0.02277777777777778 0.055
0 0.2594444444444444 0.42583333333333334 0.02277777777777778 0.055
0 0.26055555555555554 0.64 0.02277777777777778 0.055
0 0.23444444444444446 0.5708333333333333 0.02277777777777778 0.055
0 0.16444444444444445 0.3541666666666667 0.02277777777777778 0.055
0 0.23055555555555557 0.4975 0.02277777777777778 0.055
0 0.2088888888888889 0.6433333333333333 0.02277777777777778 0.055
0 0.5655555555555556 0.43916666666666665 0.02277777777777778 0.055
0 0.5 0.7975 0.02277777777777778 0.055
0 0.4766666666666667 0.6541666666666667 0.02277777777777778 0.055
0 0.2594444444444444 0.3566666666666667 0.02277777777777778 0.055
0 0.235 0.6425 0.02277777777777778 0.055
0 0.41055555555555556 0.14833333333333334 0.02277777777777778 0.055
0 0.4083333333333333 0.7975 0.02277777777777778 0.055
0 0.2822222222222222 0.7166666666666667 0.02277777777777778 0.055
0 0.2594444444444444 0.5716666666666667 0.02277777777777778 0.055
0 0.3 0.43416666666666665 0.02277777777777778 0.055
0 0.47888888888888886 0.8716666666666667 0.02277777777777778 0.055
0 0.7305555555555555 0.7325 0.02277777777777778 0.055
0 0.7333333333333333 0.15 0.02277777777777778 0.055
0 0.2588888888888889 0.7166666666666667 0.02277777777777778 0.055
0 0.2822222222222222 0.5775 0.02277777777777778 0.055
0 0.1638888888888889 0.5658333333333333 0.02277777777777778 0.055
0 0.9116666666666666 0.43916666666666665 0.02277777777777778 0.055
0 0.91 0.5125 0.02277777777777778 0.055
0 0.9333333333333333 0.8 0.02277777777777778 0.055
0 0.8411111111111111 0.5091666666666667 0.02277777777777778 0.055
0 0.8938888888888888 0.0725 0.02277777777777778 0.055
0 0.895 0.22166666666666668 0.02277777777777778 0.055
0 0.8661111111111112 0.7291666666666666 0.02277777777777778 0.055
0 0.7716666666666666 0.28583333333333333 0.02277777777777778 0.055
0 0.9138888888888889 0.22083333333333333 0.02277777777777778 0.055
0 0.8188888888888889 0.8 0.02277777777777778 0.055
0 0.8822222222222222 0.7291666666666666 0.02277777777777778 0.055
0 0.9461111111111111 0.07416666666666667 0.02277777777777778 0.055
0 0.9094444444444445 0.8791666666666667 0.02277777777777778 0.055
0 0.7688888888888888 0.725 0.02277777777777778 0.055
0 0.7872222222222223 0.8716666666666667 0.02277777777777778 0.055
0 0.8194444444444444 0.5791666666666667 0.02277777777777778 0.055
0 0.8394444444444444 0.5816666666666667 0.02277777777777778 0.055
0 0.8172222222222222 0.6583333333333333 0.02277777777777778 0.055
0 0.8688888888888889 0.2225 0.02277777777777778 0.055
0 0.7677777777777778 0.6633333333333333 0.02277777777777778 0.055
0 0.5883333333333334 0.21833333333333332 0.02277777777777778 0.055
0 0.7944444444444444 0.295 0.02277777777777778 0.055
0 0.7955555555555556 0.8 0.02277777777777778 0.055
0 0.9366666666666666 0.44083333333333335 0.02277777777777778 0.055
0 0.9361111111111111 0.6566666666666666 0.02277777777777778 0.055
0 0.8866666666666667 0.8041666666666667 0.02277777777777778 0.055
0 0.9161111111111111 0.30083333333333334 0.02277777777777778 0.055
0 0.8655555555555555 0.8058333333333333 0.02277777777777778 0.055
0 0.8377777777777777 0.8725 0.02277777777777778 0.055
