0 0.3556666666666667 0.888 0.011333333333333334 0.018
0 0.4083333333333333 0.885 0.011333333333333334 0.02
0 0.381 0.8865 0.011333333333333334 0.023
0 0.45666666666666667 0.8855 0.012 0.023
0 0.333 0.8835 0.011333333333333334 0.023
0 0.43166666666666664 0.886 0.012666666666666666 0.03
0 0.4846666666666667 0.882 0.012 0.026
0 0.2623333333333333 0.855 0.011333333333333334 0.02
0 0.167 0.8495 0.014 0.029
0 0.2856666666666667 0.85 0.012666666666666666 0.032
0 0.263 0.8435 0.011333333333333334 0.019
0 0.192 0.846 0.013333333333333334 0.036
0 0.42966666666666664 0.8125 0.011333333333333334 0.017
0 0.3546666666666667 0.8115 0.012 0.025
0 0.33066666666666666 0.811 0.012 0.028
0 0.45466666666666666 0.808 0.012 0.03
0 0.4806666666666667 0.807 0.012 0.03
0 0.289 0.771 0.011333333333333334 0.018
0 0.16733333333333333 0.7715 0.012 0.021
0 0.141 0.7705 0.011333333333333334 0.019
0 0.24066666666666667 0.774 0.012 0.032
0 0.19166666666666668 0.775 0.014 0.034
0 0.2633333333333333 0.774 0.012 0.034
0 0.4776666666666667 0.7365 0.012666666666666666 0.027
0 0.45266666666666666 0.735 0.012 0.028
0 0.35333333333333333 0.733 0.012 0.024
0 0.3303333333333333 0.736 0.012666666666666666 0.036
0 0.42766666666666664 0.731 0.012666666666666666 0.034
0 0.37866666666666665 0.729 0.012 0.032
0 0.23866666666666667 0.707 0.013333333333333334 0.02
0 0.2623333333333333 0.703 0.012666666666666666 0.032
0 0.21533333333333332 0.7005 0.012 0.027
0 0.143 0.6985 0.011333333333333334 0.023
0 0.191 0.6985 0.014 0.027
0 0.165 0.6975 0.012666666666666666 0.031
0 0.2886666666666667 0.699 0.013333333333333334 0.036
0 0.4786666666666667 0.662 0.012 0.026
0 0.378 0.6605 0.012 0.029
0 0.40166666666666667 0.6615 0.014 0.035
0 0.3293333333333333 0.6575 0.012 0.027
0 0.453 0.659 0.011333333333333334 0.032
0 0.427 0.6575 0.012666666666666666 0.031
0 0.3536666666666667 0.6575 0.012666666666666666 0.033
0 0.29033333333333333 0.624 0.011333333333333334 0.022
0 0.16833333333333333 0.624 0.012666666666666666 0.028
0 0.26366666666666666 0.624 0.012666666666666666 0.03
0 0.14266666666666666 0.626 0.012 0.034
0 0.21666666666666667 0.623 0.013333333333333334 0.032
0 0.24033333333333334 0.62 0.014 0.032
0 0.4543333333333333 0.582 0.014 0.034
0 0.4036666666666667 0.5835 0.012666666666666666 0.037
0 0.35433333333333333 0.5775 0.011333333333333334 0.027
0 0.3283333333333333 0.583 0.014 0.038
0 0.42966666666666664 0.5795 0.012666666666666666 0.033
0 0.19166666666666668 0.5595 0.011333333333333334 0.017
0 0.16766666666666666 0.56 0.011333333333333334 0.02
0 0.211 0.5515 0.012666666666666666 0.033
0 0.25766666666666665 0.54 0.011333333333333334 0.028
0 0.633 0.5105 0.011333333333333334 0.019
0 0.656 0.5055 0.012 0.019
0 0.532 0.5095 0.012 0.027
0 0.606 0.5125 0.013333333333333334 0.035
0 0.482 0.512 0.014666666666666666 0.036
0 0.556 0.508 0.012 0.03
0 0.4046666666666667 0.5065 0.012 0.029
0 0.38 0.508 0.012 0.032
0 0.43 0.5085 0.013333333333333334 0.035
0 0.3536666666666667 0.508 0.012666666666666666 0.034
0 0.3303333333333333 0.5055 0.012666666666666666 0.031
0 0.45666666666666667 0.505 0.012 0.034
0 0.21233333333333335 0.484 0.011333333333333334 0.02
0 0.16666666666666666 0.4845 0.012 0.023
0 0.234 0.486 0.013333333333333334 0.028
0 0.18866666666666668 0.482 0.012 0.026
0 0.14466666666666667 0.484 0.012 0.032
0 0.2816666666666667 0.477 0.011333333333333334 0.022
0 0.25633333333333336 0.4805 0.012666666666666666 0.033
0 0.66 0.441 0.012 0.02
0 0.6843333333333333 0.4395 0.012666666666666666 0.033
0 0.5303333333333333 0.433 0.011333333333333334 0.022
0 0.6306666666666667 0.4345 0.012 0.031
0 0.5796666666666667 0.4345 0.012666666666666666 0.031
0 0.5563333333333333 0.433 0.012666666666666666 0.028
0 0.3536666666666667 0.4355 0.012666666666666666 0.033
0 0.33 0.4345 0.012 0.031
0 0.381 0.4305 0.011333333333333334 0.025
0 0.45666666666666667 0.432 0.012 0.03
0 0.4036666666666667 0.4315 0.011333333333333334 0.029
0 0.607 0.4325 0.012666666666666666 0.033
0 0.48133333333333334 0.4315 0.012 0.033
0 0.43166666666666664 0.431 0.012666666666666666 0.034
0 0.25966666666666666 0.418 0.011333333333333334 0.018
0 0.169 0.416 0.012666666666666666 0.024
0 0.213 0.416 0.012666666666666666 0.034
0 0.19 0.415 0.014666666666666666 0.038
0 0.23466666666666666 0.4105 0.012 0.031
0 0.145 0.411 0.014 0.034
0 0.281 0.409 0.012666666666666666 0.034
0 0.6583333333333333 0.368 0.011333333333333334 0.018
0 0.631 0.3665 0.011333333333333334 0.019
0 0.685 0.3625 0.012666666666666666 0.029
0 0.48 0.3595 0.012 0.029
0 0.3566666666666667 0.358 0.012 0.028
0 0.3303333333333333 0.361 0.012666666666666666 0.034
0 0.5803333333333334 0.356 0.012666666666666666 0.028
0 0.4046666666666667 0.3595 0.013333333333333334 0.035
0 0.382 0.3605 0.013333333333333334 0.037
0 0.5556666666666666 0.3595 0.015333333333333332 0.039
0 0.5316666666666666 0.358 0.012666666666666666 0.036
0 0.456 0.3605 0.014666666666666666 0.041
0 0.16666666666666666 0.3485 0.012 0.027
0 0.237 0.3425 0.012666666666666666 0.023
0 0.21366666666666667 0.344 0.012666666666666666 0.026
0 0.25733333333333336 0.3445 0.012 0.029
0 0.19 0.3455 0.013333333333333334 0.033
0 0.14766666666666667 0.3445 0.014 0.037
0 0.2806666666666667 0.3415 0.013333333333333334 0.037
0 0.683 0.296 0.011333333333333334 0.018
0 0.657 0.2875 0.012666666666666666 0.031
0 0.45566666666666666 0.289 0.012666666666666666 0.034
0 0.6836666666666666 0.2835 0.012666666666666666 0.025
0 0.635 0.288 0.012666666666666666 0.034
0 0.33266666666666667 0.285 0.012 0.028
0 0.406 0.2865 0.012 0.033
0 0.58 0.285 0.013333333333333334 0.038
0 0.38133333333333336 0.2845 0.013333333333333334 0.039
0 0.354 0.282 0.012 0.034
0 0.5303333333333333 0.2805 0.012666666666666666 0.033
0 0.554 0.28 0.013333333333333334 0.036
0 0.16733333333333333 0.272 0.012 0.026
0 0.258 0.27 0.012 0.026
0 0.23666666666666666 0.269 0.012 0.026
0 0.21333333333333335 0.27 0.012 0.028
0 0.146 0.2715 0.013333333333333334 0.033
0 0.2823333333333333 0.264 0.014 0.04
0 0.481 0.2205 0.011333333333333334 0.017
0 0.4043333333333333 0.222 0.011333333333333334 0.024
0 0.333 0.224 0.012666666666666666 0.032
0 0.359 0.2185 0.012666666666666666 0.031
0 0.6306666666666667 0.215 0.012 0.03
0 0.45566666666666666 0.211 0.011333333333333334 0.024
0 0.6053333333333333 0.214 0.012 0.032
0 0.6843333333333333 0.213 0.012666666666666666 0.032
0 0.6576666666666666 0.2105 0.011333333333333334 0.027
0 0.42933333333333334 0.217 0.014666666666666666 0.04
0 0.583 0.212 0.012666666666666666 0.034
0 0.381 0.212 0.012666666666666666 0.036
0 0.5323333333333333 0.208 0.012666666666666666 0.032
0 0.23466666666666666 0.2015 0.012 0.023
0 0.25866666666666666 0.2 0.012 0.022
0 0.2813333333333333 0.2005 0.012 0.025
0 0.147 0.2025 0.014 0.039
0 0.19066666666666668 0.198 0.013333333333333334 0.032
0 0.169 0.1995 0.014 0.037
0 0.42766666666666664 0.1525 0.012666666666666666 0.025
0 0.453 0.15 0.011333333333333334 0.024
0 0.4043333333333333 0.1535 0.012666666666666666 0.033
0 0.48333333333333334 0.145 0.012 0.024
0 0.3333333333333333 0.149 0.013333333333333334 0.032
0 0.379 0.1515 0.015333333333333332 0.039
0 0.61 0.138 0.012 0.028
0 0.6846666666666666 0.141 0.014666666666666666 0.036
0 0.659 0.1365 0.014 0.037
0 0.583 0.1345 0.012666666666666666 0.035
0 0.5566666666666666 0.1335 0.012 0.033
0 0.534 0.134 0.013333333333333334 0.034
0 0.356 0.078 0.013333333333333334 0.03
0 0.33266666666666667 0.074 0.012 0.028
0 0.382 0.0745 0.013333333333333334 0.031
0 0.4826666666666667 0.069 0.013333333333333334 0.034
0 0.662 0.0625 0.012 0.027
0 0.6116666666666667 0.0595 0.011333333333333334 0.021
0 0.4053333333333333 0.065 0.016 0.034
0 0.5616666666666666 0.061 0.012666666666666666 0.028
0 0.6363333333333333 0.059 0.011333333333333334 0.026
0 0.5346666666666666 0.0575 0.012 0.027
0 0.8366666666666667 0.2 0.006666666666666667 0.018333333333333333
0 0.8602777777777778 0.19875 0.009444444444444445 0.020833333333333332
0 0.4558333333333333 0.06666666666666667 0.017222222222222222 0.03
0 0.7622222222222222 0.27166666666666667 0.0077777777777777776 0.02
0 0.5558333333333333 0.21 0.013888888888888888 0.035
0 0.14305555555555555 0.5495833333333333 0.012777777777777779 0.0325
0 0.7877777777777778 0.2733333333333333 0.013333333333333334 0.02
0 0.40305555555555556 0.7320833333333333 0.015 0.0375
0 0.40805555555555556 0.8125 0.015 0.03333333333333333
0 0.6355555555555555 0.14125 0.017777777777777778 0.0325
0 0.21555555555555556 0.7758333333333334 0.008888888888888889 0.025
0 0.8111111111111111 0.19458333333333333 0.013333333333333334 0.020833333333333332
0 0.5805555555555556 0.5083333333333333 0.016666666666666666 0.03833333333333333
0 0.2125 0.20166666666666666 0.01611111111111111 0.03166666666666667
0 0.5844444444444444 0.058333333333333334 0.012222222222222223 0.03666666666666667
0 0.23444444444444446 0.5470833333333334 0.008888888888888889 0.0275
0 0.1925 0.6229166666666667 0.009444444444444445 0.024166666666666666
0 0.3788888888888889 0.81 0.014444444444444444 0.03166666666666667
0 0.2411111111111111 0.8483333333333334 0.013333333333333334 0.03333333333333333
0 0.14472222222222222 0.84375 0.008333333333333333 0.025833333333333333
0 0.8869444444444444 0.20125 0.012777777777777779 0.019166666666666665
0 0.4288888888888889 0.06458333333333334 0.012222222222222223 0.029166666666666667
0 0.7377777777777778 0.19916666666666666 0.0077777777777777776 0.013333333333333334
0 0.7636111111111111 0.19833333333333333 0.010555555555555556 0.02
0 0.28305555555555556 0.54375 0.012777777777777779 0.0325
0 0.7572222222222222 0.6675 0.008888888888888889 0.013333333333333334
0 0.6063888888888889 0.3616666666666667 0.015 0.03166666666666667
0 0.4836111111111111 0.28583333333333333 0.015 0.041666666666666664
0 0.43416666666666665 0.28458333333333335 0.010555555555555556 0.0275
0 0.19166666666666668 0.26958333333333334 0.012222222222222223 0.0275
0 0.7869444444444444 0.19625 0.009444444444444445 0.024166666666666666
0 0.7363888888888889 0.6620833333333334 0.010555555555555556 0.019166666666666665
0 0.6877777777777778 0.06291666666666666 0.016666666666666666 0.0375
0 0.21722222222222223 0.8454166666666667 0.013333333333333334 0.035833333333333335
0 0.3572222222222222 0.13958333333333334 0.013333333333333334 0.0275
0 0.7366666666666667 0.2704166666666667 0.012222222222222223 0.0225
0 0.3794444444444444 0.5770833333333333 0.02 0.04416666666666667
0 0.48083333333333333 0.5829166666666666 0.013888888888888888 0.030833333333333334
0 0.43083333333333335 0.3595833333333333 0.015 0.0425
0 0.6066666666666667 0.2841666666666667 0.014444444444444444 0.041666666666666664
