0 0.467 0.9025 0.006 0.017
0 0.73 0.899 0.005333333333333333 0.016
0 0.8416666666666667 0.899 0.006 0.018
0 0.373 0.898 0.006 0.016
0 0.352 0.898 0.005333333333333333 0.016
0 0.8703333333333333 0.8975 0.006 0.017
0 0.44466666666666665 0.897 0.005333333333333333 0.016
0 0.6016666666666667 0.8975 0.006 0.019
0 0.507 0.897 0.006 0.018
0 0.6463333333333333 0.896 0.006 0.018
0 0.5323333333333333 0.896 0.006 0.018
0 0.4176666666666667 0.8955 0.006 0.017
0 0.8243333333333334 0.895 0.006 0.018
0 0.8003333333333333 0.8955 0.006 0.019
0 0.7776666666666666 0.896 0.006 0.02
0 0.7093333333333334 0.8955 0.006666666666666667 0.019
0 0.3983333333333333 0.8955 0.006 0.019
0 0.30566666666666664 0.895 0.006 0.018
0 0.7526666666666667 0.8935 0.005333333333333333 0.017
0 0.6253333333333333 0.894 0.005333333333333333 0.018
0 0.5803333333333334 0.894 0.006 0.018
0 0.5556666666666666 0.8945 0.006 0.019
0 0.33066666666666666 0.89 0.006666666666666667 0.02
0 0.67 0.8885 0.006666666666666667 0.019
0 0.238 0.8685 0.006666666666666667 0.019
0 0.14933333333333335 0.8635 0.006666666666666667 0.019
0 0.19233333333333333 0.8625 0.006 0.019
0 0.12433333333333334 0.864 0.007333333333333333 0.022
0 0.17066666666666666 0.863 0.006666666666666667 0.022
0 0.10166666666666667 0.862 0.006 0.02
0 0.218 0.861 0.006666666666666667 0.02
0 0.3516666666666667 0.8285 0.006 0.017
0 0.8673333333333333 0.8275 0.006666666666666667 0.019
0 0.822 0.8275 0.006666666666666667 0.019
0 0.507 0.8265 0.006 0.017
0 0.8463333333333334 0.8265 0.006 0.019
0 0.39766666666666667 0.825 0.006 0.018
0 0.37533333333333335 0.8255 0.006666666666666667 0.019
0 0.799 0.8245 0.006 0.019
0 0.5996666666666667 0.824 0.006 0.018
0 0.7306666666666667 0.824 0.006666666666666667 0.02
0 0.576 0.8235 0.006666666666666667 0.019
0 0.4206666666666667 0.824 0.006666666666666667 0.02
0 0.6693333333333333 0.823 0.006666666666666667 0.02
0 0.6446666666666667 0.8225 0.006666666666666667 0.019
0 0.3293333333333333 0.8225 0.006666666666666667 0.019
0 0.755 0.8205 0.006 0.017
0 0.7103333333333334 0.8205 0.006 0.017
0 0.6226666666666667 0.822 0.006666666666666667 0.02
0 0.468 0.8205 0.006666666666666667 0.017
0 0.30666666666666664 0.822 0.006666666666666667 0.02
0 0.444 0.819 0.006666666666666667 0.02
0 0.12333333333333334 0.791 0.006666666666666667 0.02
0 0.238 0.789 0.006666666666666667 0.02
0 0.19066666666666668 0.7885 0.006666666666666667 0.019
0 0.14533333333333334 0.7885 0.006666666666666667 0.019
0 0.26166666666666666 0.787 0.006 0.018
0 0.21533333333333332 0.788 0.006666666666666667 0.02
0 0.102 0.7885 0.006666666666666667 0.021
0 0.16866666666666666 0.787 0.006666666666666667 0.02
0 0.67 0.756 0.005333333333333333 0.018
0 0.7326666666666667 0.754 0.005333333333333333 0.016
0 0.42 0.7545 0.006666666666666667 0.019
0 0.8433333333333334 0.7535 0.006666666666666667 0.019
0 0.8213333333333334 0.754 0.006666666666666667 0.02
0 0.5533333333333333 0.753 0.005333333333333333 0.018
0 0.7793333333333333 0.7525 0.006666666666666667 0.019
0 0.6453333333333333 0.752 0.006666666666666667 0.018
0 0.6 0.752 0.006666666666666667 0.018
0 0.5786666666666667 0.753 0.006666666666666667 0.02
0 0.8653333333333333 0.752 0.006666666666666667 0.02
0 0.711 0.7515 0.006 0.019
0 0.533 0.7515 0.006 0.019
0 0.3496666666666667 0.7515 0.007333333333333333 0.019
0 0.7993333333333333 0.751 0.006666666666666667 0.02
0 0.37533333333333335 0.7495 0.006666666666666667 0.019
0 0.7526666666666667 0.7475 0.005333333333333333 0.017
0 0.3293333333333333 0.748 0.006666666666666667 0.018
0 0.30533333333333335 0.7485 0.006666666666666667 0.019
0 0.446 0.748 0.006666666666666667 0.02
0 0.3983333333333333 0.7475 0.006 0.019
0 0.4676666666666667 0.7465 0.006 0.019
0 0.509 0.7445 0.006 0.017
0 0.237 0.7195 0.006 0.019
0 0.26066666666666666 0.717 0.006666666666666667 0.018
0 0.145 0.716 0.006 0.018
0 0.12333333333333334 0.717 0.006666666666666667 0.02
0 0.103 0.7165 0.006 0.019
0 0.21433333333333332 0.715 0.006 0.018
0 0.19233333333333333 0.716 0.006 0.02
0 0.17133333333333334 0.715 0.006666666666666667 0.02
0 0.823 0.6815 0.006 0.017
0 0.8013333333333333 0.683 0.006666666666666667 0.02
0 0.7783333333333333 0.6785 0.006 0.019
0 0.866 0.677 0.005333333333333333 0.018
0 0.843 0.6775 0.006 0.019
0 0.6703333333333333 0.677 0.006 0.018
0 0.6443333333333333 0.6775 0.006 0.019
0 0.44633333333333336 0.678 0.006 0.02
0 0.30666666666666664 0.6775 0.006666666666666667 0.021
0 0.7303333333333333 0.675 0.006 0.018
0 0.6233333333333333 0.6745 0.005333333333333333 0.017
0 0.532 0.6755 0.005333333333333333 0.019
0 0.5076666666666667 0.6745 0.006 0.017
0 0.4686666666666667 0.677 0.006666666666666667 0.022
0 0.39866666666666667 0.6755 0.006666666666666667 0.021
0 0.3506666666666667 0.6745 0.006666666666666667 0.019
0 0.3293333333333333 0.6745 0.006666666666666667 0.019
0 0.5753333333333334 0.6735 0.006666666666666667 0.019
0 0.5526666666666666 0.6735 0.006666666666666667 0.021
0 0.376 0.6725 0.006666666666666667 0.019
0 0.4226666666666667 0.671 0.006666666666666667 0.02
0 0.23866666666666667 0.6475 0.006666666666666667 0.019
0 0.2623333333333333 0.6455 0.006 0.019
0 0.09966666666666667 0.646 0.006 0.02
0 0.21466666666666667 0.646 0.006666666666666667 0.022
0 0.19166666666666668 0.6435 0.006 0.019
0 0.16866666666666666 0.643 0.006666666666666667 0.02
0 0.14533333333333334 0.6415 0.006666666666666667 0.019
0 0.12433333333333334 0.6405 0.006 0.019
0 0.778 0.6085 0.005333333333333333 0.017
0 0.8703333333333333 0.6075 0.006 0.017
0 0.5086666666666667 0.606 0.005333333333333333 0.016
0 0.845 0.6065 0.006 0.019
0 0.8216666666666667 0.607 0.006 0.02
0 0.7993333333333333 0.607 0.006666666666666667 0.02
0 0.7096666666666667 0.606 0.006 0.018
0 0.6463333333333333 0.6055 0.006 0.019
0 0.5743333333333334 0.6055 0.006 0.019
0 0.35333333333333333 0.606 0.006666666666666667 0.02
0 0.32866666666666666 0.605 0.006666666666666667 0.018
0 0.4683333333333333 0.605 0.007333333333333333 0.022
0 0.44566666666666666 0.6035 0.006 0.019
0 0.4013333333333333 0.6025 0.005333333333333333 0.017
0 0.30666666666666664 0.6015 0.006666666666666667 0.019
0 0.37533333333333335 0.601 0.006666666666666667 0.02
0 0.422 0.599 0.006666666666666667 0.018
0 0.263 0.574 0.006 0.018
0 0.19066666666666668 0.5745 0.006666666666666667 0.019
0 0.123 0.5725 0.006 0.019
0 0.24 0.5705 0.006666666666666667 0.017
0 0.21533333333333332 0.5715 0.006666666666666667 0.021
0 0.10133333333333333 0.5715 0.006666666666666667 0.021
0 0.147 0.5695 0.006 0.019
0 0.16866666666666666 0.5685 0.006666666666666667 0.019
0 0.5986666666666667 0.533 0.005333333333333333 0.016
0 0.6236666666666667 0.5335 0.006 0.019
0 0.37566666666666665 0.5315 0.006 0.017
0 0.3973333333333333 0.5315 0.006666666666666667 0.019
0 0.8443333333333334 0.5305 0.006 0.019
0 0.802 0.53 0.005333333333333333 0.018
0 0.6486666666666666 0.5305 0.006666666666666667 0.019
0 0.5543333333333333 0.5305 0.006 0.019
0 0.44533333333333336 0.5305 0.005333333333333333 0.019
0 0.30766666666666664 0.5305 0.006 0.019
0 0.42233333333333334 0.529 0.006 0.018
0 0.32866666666666666 0.53 0.006666666666666667 0.02
0 0.5056666666666667 0.529 0.006 0.02
0 0.468 0.53 0.006666666666666667 0.022
0 0.09966666666666667 0.5025 0.006 0.019
0 0.21466666666666667 0.5 0.006666666666666667 0.018
0 0.17133333333333334 0.5005 0.006666666666666667 0.019
0 0.146 0.5015 0.006666666666666667 0.021
0 0.19233333333333333 0.4975 0.006 0.017
0 0.2613333333333333 0.498 0.006666666666666667 0.02
0 0.23766666666666666 0.497 0.006 0.018
0 0.12533333333333332 0.498 0.006666666666666667 0.02
0 0.5973333333333334 0.4615 0.006666666666666667 0.019
0 0.8016666666666666 0.4605 0.006 0.019
0 0.6246666666666667 0.4595 0.005333333333333333 0.017
0 0.37366666666666665 0.46 0.006 0.02
0 0.353 0.4595 0.006 0.019
0 0.7543333333333333 0.458 0.006 0.018
0 0.71 0.4575 0.005333333333333333 0.017
0 0.669 0.458 0.006 0.018
0 0.577 0.458 0.006 0.018
0 0.53 0.459 0.006666666666666667 0.02
0 0.7326666666666667 0.4575 0.006666666666666667 0.019
0 0.3993333333333333 0.458 0.006666666666666667 0.02
0 0.6476666666666666 0.456 0.006 0.018
0 0.468 0.4565 0.006666666666666667 0.019
0 0.30566666666666664 0.4565 0.006 0.019
0 0.552 0.4555 0.006666666666666667 0.021
0 0.5063333333333333 0.4535 0.006 0.017
0 0.4226666666666667 0.4555 0.006666666666666667 0.021
0 0.8236666666666667 0.452 0.007333333333333333 0.022
0 0.1 0.4315 0.006666666666666667 0.019
0 0.12233333333333334 0.4285 0.006 0.019
0 0.16933333333333334 0.427 0.006666666666666667 0.018
0 0.215 0.4265 0.006 0.019
0 0.19033333333333333 0.4265 0.006 0.019
0 0.2643333333333333 0.4245 0.006 0.019
0 0.146 0.4245 0.006666666666666667 0.019
0 0.24066666666666667 0.424 0.006666666666666667 0.02
0 0.6233333333333333 0.3905 0.006666666666666667 0.019
0 0.576 0.391 0.006666666666666667 0.02
0 0.532 0.3875 0.005333333333333333 0.017
0 0.39866666666666667 0.3885 0.006666666666666667 0.019
0 0.6723333333333333 0.387 0.006 0.018
0 0.8456666666666667 0.3865 0.006 0.019
0 0.822 0.384 0.005333333333333333 0.018
0 0.8003333333333333 0.385 0.006 0.02
0 0.306 0.384 0.005333333333333333 0.018
0 0.8713333333333333 0.385 0.006666666666666667 0.022
0 0.37566666666666665 0.384 0.006 0.02
0 0.352 0.383 0.006666666666666667 0.018
0 0.7306666666666667 0.383 0.006666666666666667 0.02
0 0.7083333333333334 0.382 0.006 0.018
0 0.646 0.3825 0.006666666666666667 0.019
0 0.4686666666666667 0.382 0.006666666666666667 0.02
0 0.447 0.3815 0.006 0.019
0 0.3283333333333333 0.3815 0.006 0.019
0 0.598 0.3815 0.006666666666666667 0.021
0 0.42133333333333334 0.381 0.006666666666666667 0.02
0 0.10133333333333333 0.3595 0.006666666666666667 0.021
0 0.14466666666666667 0.3575 0.006666666666666667 0.019
0 0.122 0.358 0.006666666666666667 0.02
0 0.265 0.355 0.006 0.018
0 0.169 0.355 0.006 0.018
0 0.21733333333333332 0.354 0.006666666666666667 0.018
0 0.19266666666666668 0.355 0.006666666666666667 0.02
0 0.241 0.3515 0.006 0.017
0 0.30633333333333335 0.3165 0.006 0.017
0 0.4676666666666667 0.3155 0.006 0.019
0 0.8456666666666667 0.3145 0.006 0.019
0 0.37466666666666665 0.315 0.006666666666666667 0.02
0 0.8666666666666667 0.3125 0.005333333333333333 0.017
0 0.729 0.313 0.006 0.018
0 0.6456666666666667 0.3135 0.006 0.019
0 0.3516666666666667 0.314 0.006 0.02
0 0.7996666666666666 0.3125 0.006 0.019
0 0.7546666666666667 0.311 0.005333333333333333 0.016
0 0.7083333333333334 0.3125 0.006 0.019
0 0.53 0.313 0.006666666666666667 0.02
0 0.507 0.3125 0.006 0.019
0 0.671 0.311 0.006 0.018
0 0.5783333333333334 0.3105 0.006 0.017
0 0.5553333333333333 0.31 0.005333333333333333 0.016
0 0.8226666666666667 0.3105 0.006666666666666667 0.019
0 0.777 0.3095 0.006 0.017
0 0.623 0.309 0.006 0.016
0 0.42 0.311 0.006666666666666667 0.02
0 0.33 0.3115 0.006666666666666667 0.021
0 0.4 0.3105 0.006666666666666667 0.021
0 0.44533333333333336 0.3085 0.006666666666666667 0.019
0 0.09933333333333333 0.288 0.006666666666666667 0.02
0 0.171 0.285 0.006 0.018
0 0.123 0.285 0.006 0.018
0 0.262 0.2845 0.006666666666666667 0.019
0 0.21666666666666667 0.284 0.006666666666666667 0.02
0 0.145 0.2835 0.006 0.019
0 0.19433333333333333 0.281 0.006 0.018
0 0.241 0.279 0.006 0.018
0 0.307 0.2415 0.006 0.019
0 0.87 0.2385 0.006666666666666667 0.017
0 0.5503333333333333 0.2395 0.006 0.019
0 0.3993333333333333 0.2395 0.006666666666666667 0.019
0 0.8226666666666667 0.239 0.006666666666666667 0.02
0 0.7986666666666666 0.2385 0.006666666666666667 0.019
0 0.7076666666666667 0.2375 0.006 0.017
0 0.6483333333333333 0.2375 0.006 0.017
0 0.44633333333333336 0.239 0.007333333333333333 0.02
0 0.8453333333333334 0.237 0.006666666666666667 0.018
0 0.5993333333333334 0.2385 0.006666666666666667 0.021
0 0.5303333333333333 0.236 0.006 0.016
0 0.47 0.2375 0.006666666666666667 0.019
0 0.42233333333333334 0.237 0.006 0.018
0 0.37733333333333335 0.238 0.006666666666666667 0.02
0 0.33 0.238 0.006666666666666667 0.02
0 0.753 0.2365 0.006 0.019
0 0.7306666666666667 0.2365 0.006666666666666667 0.019
0 0.7746666666666666 0.2355 0.006666666666666667 0.019
0 0.6243333333333333 0.236 0.006 0.02
0 0.576 0.2365 0.006666666666666667 0.021
0 0.508 0.2355 0.006666666666666667 0.019
0 0.35333333333333333 0.235 0.006666666666666667 0.02
0 0.672 0.2325 0.006666666666666667 0.021
0 0.122 0.216 0.006666666666666667 0.02
0 0.1 0.2145 0.006666666666666667 0.021
0 0.26366666666666666 0.212 0.006 0.018
0 0.14933333333333335 0.2135 0.006666666666666667 0.021
0 0.239 0.2115 0.006 0.019
0 0.216 0.2105 0.006666666666666667 0.019
0 0.19366666666666665 0.211 0.007333333333333333 0.02
0 0.17066666666666666 0.208 0.006666666666666667 0.02
0 0.553 0.169 0.006 0.018
0 0.30733333333333335 0.17 0.006666666666666667 0.02
0 0.37666666666666665 0.169 0.006666666666666667 0.02
0 0.3526666666666667 0.168 0.006666666666666667 0.018
0 0.4696666666666667 0.1685 0.007333333333333333 0.021
0 0.4 0.168 0.006666666666666667 0.02
0 0.8206666666666667 0.167 0.006666666666666667 0.02
0 0.7283333333333334 0.1665 0.006 0.019
0 0.5053333333333333 0.166 0.006666666666666667 0.018
0 0.3293333333333333 0.1665 0.006666666666666667 0.019
0 0.7966666666666666 0.1655 0.006666666666666667 0.019
0 0.7766666666666666 0.1655 0.006666666666666667 0.019
0 0.598 0.165 0.006666666666666667 0.018
0 0.671 0.165 0.006 0.02
0 0.5763333333333334 0.1645 0.006 0.019
0 0.5293333333333333 0.165 0.006666666666666667 0.02
0 0.42333333333333334 0.1645 0.006666666666666667 0.019
0 0.846 0.1635 0.006666666666666667 0.019
0 0.7516666666666667 0.164 0.006 0.02
0 0.44633333333333336 0.164 0.006 0.02
0 0.704 0.16 0.006666666666666667 0.018
0 0.8673333333333333 0.16 0.006666666666666667 0.02
0 0.623 0.16 0.006 0.02
0 0.5746666666666667 0.0975 0.006666666666666667 0.019
0 0.399 0.0975 0.006 0.019
0 0.5033333333333333 0.097 0.006666666666666667 0.02
0 0.422 0.0975 0.006666666666666667 0.021
0 0.37533333333333335 0.096 0.006666666666666667 0.018
0 0.3273333333333333 0.097 0.006666666666666667 0.02
0 0.304 0.097 0.006666666666666667 0.02
0 0.7516666666666667 0.093 0.006 0.016
0 0.6443333333333333 0.093 0.006 0.016
0 0.5513333333333333 0.095 0.006666666666666667 0.02
0 0.527 0.094 0.006 0.018
0 0.3536666666666667 0.0945 0.006 0.019
0 0.8213333333333334 0.095 0.006666666666666667 0.022
0 0.8436666666666667 0.092 0.006 0.018
0 0.774 0.0925 0.006666666666666667 0.019
0 0.7276666666666667 0.093 0.006 0.02
0 0.5973333333333334 0.0935 0.006666666666666667 0.021
0 0.4693333333333333 0.0925 0.006666666666666667 0.019
0 0.704 0.0915 0.006666666666666667 0.019
0 0.6236666666666667 0.0915 0.006 0.019
0 0.44633333333333336 0.093 0.007333333333333333 0.022
0 0.798 0.091 0.006666666666666667 0.02
0 0.8686666666666667 0.09 0.006666666666666667 0.02
0 0.6706666666666666 0.09 0.006666666666666667 0.02
0 0.7786111111111111 0.45375 0.009444444444444445 0.0275
0 0.6208333333333333 0.7454166666666666 0.012777777777777779 0.024166666666666666
0 0.7575 0.60875 0.010555555555555556 0.0175
0 0.53 0.6045833333333334 0.008888888888888889 0.015833333333333335
0 0.5977777777777777 0.6066666666666667 0.0044444444444444444 0.015
0 0.6675 0.6029166666666667 0.010555555555555556 0.019166666666666665
0 0.6458333333333334 0.165 0.009444444444444445 0.018333333333333333
0 0.8697222222222222 0.5316666666666666 0.008333333333333333 0.021666666666666667
0 0.5963888888888889 0.67875 0.009444444444444445 0.024166666666666666
0 0.5997222222222223 0.30875 0.009444444444444445 0.0175
0 0.8466666666666667 0.4554166666666667 0.01 0.014166666666666666
0 0.32861111111111113 0.4533333333333333 0.009444444444444445 0.016666666666666666
0 0.575 0.52625 0.008888888888888889 0.0225
0 0.5322222222222223 0.8270833333333333 0.006666666666666667 0.015833333333333335
0 0.7094444444444444 0.5295833333333333 0.006666666666666667 0.015833333333333335
0 0.7519444444444444 0.5270833333333333 0.009444444444444445 0.024166666666666666
0 0.8675 0.45708333333333334 0.006111111111111111 0.0175
0 0.8238888888888889 0.53 0.011111111111111112 0.025
0 0.7752777777777777 0.5304166666666666 0.012777777777777779 0.0175
0 0.7094444444444444 0.6779166666666666 0.006666666666666667 0.020833333333333332
0 0.7313888888888889 0.6075 0.006111111111111111 0.023333333333333334
0 0.755 0.38375 0.006666666666666667 0.0125
0 0.7772222222222223 0.81875 0.01 0.024166666666666666
0 0.7555555555555555 0.6766666666666666 0.011111111111111112 0.018333333333333333
0 0.5308333333333334 0.53 0.009444444444444445 0.018333333333333333
0 0.5538888888888889 0.38416666666666666 0.011111111111111112 0.023333333333333334
0 0.6680555555555555 0.53125 0.008333333333333333 0.015833333333333335
0 0.26055555555555554 0.8645833333333334 0.0077777777777777776 0.0175
0 0.5555555555555556 0.6020833333333333 0.006666666666666667 0.0175
0 0.3522222222222222 0.5308333333333334 0.0077777777777777776 0.018333333333333333
0 0.7316666666666667 0.53 0.011111111111111112 0.02666666666666667
0 0.6233333333333333 0.6054166666666667 0.008888888888888889 0.015833333333333335
0 0.5538888888888889 0.82125 0.014444444444444444 0.020833333333333332
0 0.5055555555555555 0.38458333333333333 0.006666666666666667 0.0175
0 0.44666666666666666 0.45375 0.011111111111111112 0.015833333333333335
0 0.7769444444444444 0.3829166666666667 0.009444444444444445 0.019166666666666665
