0 0.6196666666666667 0.891 0.018 0.058
0 0.4696666666666667 0.889 0.020666666666666667 0.06
0 0.6693333333333333 0.885 0.018666666666666668 0.058
0 0.5703333333333334 0.8855 0.022 0.061
0 0.5486666666666666 0.888 0.02266666666666667 0.066
0 0.5233333333333333 0.884 0.02 0.058
0 0.644 0.8855 0.021333333333333333 0.065
0 0.5933333333333334 0.885 0.021333333333333333 0.064
0 0.396 0.8825 0.021333333333333333 0.059
0 0.496 0.8795 0.025333333333333333 0.061
0 0.446 0.8805 0.024 0.063
0 0.3463333333333333 0.883 0.024666666666666667 0.068
0 0.421 0.876 0.020666666666666667 0.058
0 0.7236666666666667 0.878 0.022 0.064
0 0.36966666666666664 0.877 0.024666666666666667 0.062
0 0.29733333333333334 0.873 0.018666666666666668 0.054
0 0.871 0.876 0.023333333333333334 0.064
0 0.8486666666666667 0.875 0.021333333333333333 0.062
0 0.8236666666666667 0.8715 0.018 0.055
0 0.8023333333333333 0.875 0.022 0.062
0 0.7026666666666667 0.8745 0.021333333333333333 0.061
0 0.32133333333333336 0.8715 0.021333333333333333 0.061
0 0.777 0.8735 0.024666666666666667 0.067
0 0.7483333333333333 0.8675 0.020666666666666667 0.067
0 0.19633333333333333 0.864 0.023333333333333334 0.06
0 0.223 0.862 0.022 0.062
0 0.095 0.8635 0.022 0.065
0 0.24766666666666667 0.861 0.020666666666666667 0.062
0 0.118 0.864 0.02666666666666667 0.068
0 0.2703333333333333 0.859 0.024666666666666667 0.07
0 0.623 0.809 0.020666666666666667 0.062
0 0.5723333333333334 0.8065 0.022 0.063
0 0.524 0.805 0.02266666666666667 0.06
0 0.44466666666666665 0.8065 0.021333333333333333 0.063
0 0.598 0.8085 0.025333333333333333 0.073
0 0.5496666666666666 0.8065 0.026 0.069
0 0.3466666666666667 0.805 0.024 0.066
0 0.397 0.803 0.020666666666666667 0.064
0 0.42033333333333334 0.806 0.022 0.072
0 0.8436666666666667 0.8 0.023333333333333334 0.066
0 0.7036666666666667 0.798 0.022 0.062
0 0.323 0.7955 0.019333333333333334 0.061
0 0.17266666666666666 0.795 0.02266666666666667 0.06
0 0.8223333333333334 0.7965 0.022 0.065
0 0.2976666666666667 0.801 0.022 0.074
0 0.8713333333333333 0.797 0.024 0.068
0 0.7713333333333333 0.793 0.02 0.06
0 0.37133333333333335 0.795 0.02266666666666667 0.066
0 0.751 0.792 0.020666666666666667 0.062
0 0.724 0.795 0.02266666666666667 0.068
0 0.147 0.79 0.023333333333333334 0.062
0 0.7966666666666666 0.7915 0.024 0.069
0 0.22466666666666665 0.787 0.021333333333333333 0.06
0 0.12133333333333333 0.791 0.02666666666666667 0.068
0 0.19633333333333333 0.7865 0.024666666666666667 0.067
0 0.09366666666666666 0.787 0.026 0.068
0 0.526 0.739 0.02266666666666667 0.06
0 0.6466666666666666 0.7375 0.024 0.061
0 0.3963333333333333 0.735 0.022 0.058
0 0.37266666666666665 0.731 0.02266666666666667 0.058
0 0.5506666666666666 0.732 0.02266666666666667 0.062
0 0.29733333333333334 0.7335 0.024 0.067
0 0.422 0.7265 0.021333333333333333 0.061
0 0.6206666666666667 0.73 0.02666666666666667 0.07
0 0.5723333333333334 0.732 0.027333333333333334 0.074
0 0.346 0.73 0.025333333333333333 0.07
0 0.7966666666666666 0.723 0.018666666666666668 0.058
0 0.6996666666666667 0.723 0.020666666666666667 0.058
0 0.2673333333333333 0.723 0.021333333333333333 0.06
0 0.8226666666666667 0.7245 0.025333333333333333 0.065
0 0.724 0.723 0.017333333333333333 0.062
0 0.595 0.728 0.026 0.072
0 0.14933333333333335 0.724 0.02266666666666667 0.064
0 0.873 0.723 0.022 0.066
0 0.32233333333333336 0.723 0.022 0.066
0 0.22166666666666668 0.7195 0.022 0.063
0 0.124 0.716 0.02 0.056
0 0.846 0.7185 0.02266666666666667 0.063
0 0.49366666666666664 0.725 0.027333333333333334 0.076
0 0.7473333333333333 0.7195 0.021333333333333333 0.067
0 0.7713333333333333 0.7165 0.021333333333333333 0.065
0 0.24366666666666667 0.7205 0.027333333333333334 0.073
0 0.6733333333333333 0.726 0.024 0.09
0 0.10166666666666667 0.7075 0.020666666666666667 0.059
0 0.6443333333333333 0.662 0.020666666666666667 0.052
0 0.42 0.6625 0.02266666666666667 0.061
0 0.4666666666666667 0.662 0.024 0.062
0 0.5233333333333333 0.662 0.02266666666666667 0.066
0 0.44333333333333336 0.6605 0.02266666666666667 0.063
0 0.29633333333333334 0.661 0.023333333333333334 0.068
0 0.3463333333333333 0.657 0.022 0.062
0 0.32266666666666666 0.658 0.02266666666666667 0.064
0 0.7043333333333334 0.657 0.024666666666666667 0.064
0 0.672 0.66 0.025333333333333333 0.07
0 0.727 0.655 0.022 0.064
0 0.871 0.652 0.019333333333333334 0.06
0 0.8226666666666667 0.653 0.024 0.062
0 0.7493333333333333 0.6505 0.02 0.059
0 0.8473333333333334 0.65 0.02 0.062
0 0.798 0.6505 0.02266666666666667 0.065
0 0.774 0.651 0.02266666666666667 0.066
0 0.197 0.6415 0.019333333333333334 0.055
0 0.244 0.6465 0.024 0.067
0 0.2673333333333333 0.6415 0.024 0.059
0 0.22133333333333333 0.6425 0.02266666666666667 0.061
0 0.17366666666666666 0.6385 0.020666666666666667 0.057
0 0.14833333333333334 0.637 0.024666666666666667 0.058
0 0.12833333333333333 0.6375 0.020666666666666667 0.059
0 0.09766666666666667 0.639 0.023333333333333334 0.07
0 0.6796666666666666 0.5905 0.007333333333333333 0.039
0 0.6436666666666667 0.59 0.022 0.058
0 0.421 0.593 0.023333333333333334 0.064
0 0.348 0.5855 0.021333333333333333 0.053
0 0.8456666666666667 0.5875 0.019333333333333334 0.059
0 0.704 0.5865 0.02266666666666667 0.059
0 0.668 0.5875 0.021333333333333333 0.061
0 0.4673333333333333 0.5885 0.02 0.063
0 0.397 0.589 0.026 0.064
0 0.37066666666666664 0.5905 0.025333333333333333 0.067
0 0.32266666666666666 0.5885 0.024 0.063
0 0.29733333333333334 0.5855 0.021333333333333333 0.059
0 0.5223333333333333 0.5865 0.023333333333333334 0.063
0 0.44366666666666665 0.59 0.023333333333333334 0.07
0 0.8013333333333333 0.585 0.02 0.062
0 0.7766666666666666 0.5875 0.02266666666666667 0.067
0 0.5953333333333334 0.5865 0.02266666666666667 0.065
0 0.5723333333333334 0.583 0.020666666666666667 0.058
0 0.6203333333333333 0.5815 0.022 0.057
0 0.8706666666666667 0.582 0.021333333333333333 0.06
0 0.8263333333333334 0.5835 0.023333333333333334 0.065
0 0.5493333333333333 0.583 0.02266666666666667 0.064
0 0.24333333333333335 0.577 0.025333333333333333 0.062
0 0.19566666666666666 0.575 0.026 0.064
0 0.172 0.573 0.021333333333333333 0.062
0 0.223 0.571 0.020666666666666667 0.062
0 0.14966666666666667 0.57 0.023333333333333334 0.06
0 0.2663333333333333 0.574 0.027333333333333334 0.07
0 0.10233333333333333 0.571 0.026 0.064
0 0.128 0.569 0.02666666666666667 0.066
0 0.37266666666666665 0.516 0.021333333333333333 0.058
0 0.8013333333333333 0.5125 0.02 0.053
0 0.3983333333333333 0.516 0.020666666666666667 0.06
0 0.344 0.5155 0.02266666666666667 0.061
0 0.8226666666666667 0.512 0.02 0.056
0 0.703 0.515 0.019333333333333334 0.062
0 0.32066666666666666 0.5115 0.02 0.055
0 0.4206666666666667 0.514 0.02266666666666667 0.062
0 0.7756666666666666 0.5125 0.019333333333333334 0.061
0 0.2976666666666667 0.5115 0.020666666666666667 0.059
0 0.6496666666666666 0.511 0.024666666666666667 0.06
0 0.8736666666666667 0.511 0.022 0.062
0 0.5743333333333334 0.513 0.024666666666666667 0.066
0 0.4686666666666667 0.5155 0.024 0.071
0 0.751 0.5075 0.023333333333333334 0.059
0 0.6273333333333333 0.509 0.02266666666666667 0.062
0 0.8476666666666667 0.508 0.022 0.064
0 0.6733333333333333 0.506 0.02 0.06
0 0.604 0.506 0.021333333333333333 0.06
0 0.44766666666666666 0.5075 0.022 0.063
0 0.7293333333333333 0.5085 0.024 0.067
0 0.196 0.5015 0.021333333333333333 0.059
0 0.171 0.503 0.024666666666666667 0.062
0 0.12166666666666667 0.502 0.027333333333333334 0.06
0 0.09766666666666667 0.5 0.022 0.062
0 0.147 0.4995 0.020666666666666667 0.063
0 0.22266666666666668 0.4975 0.024 0.067
0 0.8213333333333334 0.444 0.018666666666666668 0.052
0 0.8456666666666667 0.4445 0.019333333333333334 0.057
0 0.7496666666666667 0.444 0.022 0.058
0 0.7023333333333334 0.4445 0.020666666666666667 0.059
0 0.3506666666666667 0.4445 0.021333333333333333 0.059
0 0.773 0.4445 0.020666666666666667 0.061
0 0.599 0.4455 0.023333333333333334 0.063
0 0.798 0.4435 0.021333333333333333 0.061
0 0.724 0.443 0.018666666666666668 0.06
0 0.8703333333333333 0.443 0.022 0.062
0 0.5763333333333334 0.4435 0.024666666666666667 0.063
0 0.4683333333333333 0.4415 0.022 0.059
0 0.42033333333333334 0.4405 0.019333333333333334 0.057
0 0.39766666666666667 0.442 0.023333333333333334 0.06
0 0.375 0.443 0.023333333333333334 0.062
0 0.6733333333333333 0.44 0.021333333333333333 0.058
0 0.5216666666666666 0.441 0.023333333333333334 0.06
0 0.444 0.442 0.02266666666666667 0.062
0 0.299 0.4415 0.023333333333333334 0.061
0 0.55 0.439 0.02266666666666667 0.062
0 0.624 0.4385 0.024 0.065
0 0.49433333333333335 0.4395 0.027333333333333334 0.067
0 0.173 0.438 0.023333333333333334 0.064
0 0.646 0.4375 0.024 0.065
0 0.19766666666666666 0.4335 0.024666666666666667 0.059
0 0.149 0.4325 0.022 0.057
0 0.32466666666666666 0.433 0.02 0.062
0 0.124 0.43 0.02266666666666667 0.056
0 0.096 0.4305 0.02 0.059
0 0.32266666666666666 0.3775 0.021333333333333333 0.055
0 0.3953333333333333 0.377 0.021333333333333333 0.056
0 0.37033333333333335 0.378 0.022 0.058
0 0.7746666666666666 0.377 0.021333333333333333 0.058
0 0.8726666666666667 0.3765 0.021333333333333333 0.059
0 0.7243333333333334 0.376 0.019333333333333334 0.058
0 0.29633333333333334 0.375 0.023333333333333334 0.058
0 0.7486666666666667 0.3755 0.021333333333333333 0.061
0 0.471 0.374 0.020666666666666667 0.058
0 0.847 0.3735 0.022 0.059
0 0.8226666666666667 0.3755 0.02266666666666667 0.063
0 0.7993333333333333 0.375 0.021333333333333333 0.062
0 0.7006666666666667 0.374 0.018666666666666668 0.06
0 0.5713333333333334 0.3745 0.02266666666666667 0.061
0 0.5483333333333333 0.3725 0.022 0.057
0 0.523 0.3745 0.022 0.061
0 0.44433333333333336 0.373 0.022 0.06
0 0.34833333333333333 0.3735 0.023333333333333334 0.061
0 0.6706666666666666 0.3735 0.028 0.065
0 0.6193333333333333 0.3725 0.021333333333333333 0.063
0 0.595 0.371 0.022 0.06
0 0.49966666666666665 0.371 0.023333333333333334 0.06
0 0.418 0.3695 0.02266666666666667 0.061
0 0.6443333333333333 0.367 0.022 0.062
0 0.21866666666666668 0.364 0.021333333333333333 0.058
0 0.14633333333333334 0.361 0.020666666666666667 0.058
0 0.09666666666666666 0.3625 0.02 0.063
0 0.26966666666666667 0.3615 0.019333333333333334 0.065
0 0.24366666666666667 0.3575 0.020666666666666667 0.057
0 0.19333333333333333 0.356 0.02 0.058
0 0.17033333333333334 0.355 0.022 0.058
0 0.12233333333333334 0.358 0.022 0.064
0 0.7746666666666666 0.3105 0.021333333333333333 0.059
0 0.726 0.311 0.02266666666666667 0.06
0 0.799 0.309 0.020666666666666667 0.06
0 0.823 0.307 0.018 0.06
0 0.7503333333333333 0.308 0.024666666666666667 0.062
0 0.8716666666666667 0.307 0.022 0.062
0 0.7056666666666667 0.307 0.022 0.062
0 0.8466666666666667 0.3035 0.021333333333333333 0.059
0 0.49566666666666664 0.302 0.026 0.056
0 0.5993333333333334 0.3035 0.025333333333333333 0.063
0 0.3456666666666667 0.2985 0.022 0.057
0 0.32133333333333336 0.302 0.021333333333333333 0.064
0 0.6243333333333333 0.3015 0.022 0.065
0 0.572 0.2995 0.02266666666666667 0.063
0 0.525 0.306 0.026 0.078
0 0.5476666666666666 0.297 0.023333333333333334 0.066
0 0.29933333333333334 0.2965 0.024 0.065
0 0.4216666666666667 0.2945 0.024666666666666667 0.067
0 0.39666666666666667 0.293 0.025333333333333333 0.064
0 0.2723333333333333 0.287 0.020666666666666667 0.052
0 0.372 0.293 0.021333333333333333 0.066
0 0.24866666666666667 0.2895 0.021333333333333333 0.059
0 0.197 0.2855 0.022 0.055
0 0.147 0.2845 0.020666666666666667 0.055
0 0.22333333333333333 0.2865 0.02266666666666667 0.061
0 0.17133333333333334 0.284 0.021333333333333333 0.056
0 0.122 0.284 0.021333333333333333 0.056
0 0.09666666666666666 0.2865 0.02266666666666667 0.063
0 0.8013333333333333 0.236 0.024 0.06
0 0.4726666666666667 0.235 0.02266666666666667 0.058
0 0.6006666666666667 0.235 0.021333333333333333 0.06
0 0.728 0.2355 0.021333333333333333 0.065
0 0.6236666666666667 0.2355 0.023333333333333334 0.065
0 0.7756666666666666 0.2325 0.022 0.063
0 0.672 0.2335 0.025333333333333333 0.065
0 0.5736666666666667 0.232 0.022 0.062
0 0.44533333333333336 0.23 0.021333333333333333 0.058
0 0.875 0.2345 0.024666666666666667 0.069
0 0.5216666666666666 0.2295 0.023333333333333334 0.059
0 0.423 0.23 0.023333333333333334 0.06
0 0.8233333333333334 0.235 0.025333333333333333 0.072
0 0.5483333333333333 0.231 0.024666666666666667 0.066
0 0.3496666666666667 0.23 0.022 0.064
0 0.7033333333333334 0.226 0.021333333333333333 0.058
0 0.5006666666666667 0.2285 0.02266666666666667 0.063
0 0.397 0.226 0.020666666666666667 0.058
0 0.85 0.233 0.025333333333333333 0.074
0 0.7523333333333333 0.23 0.026 0.068
0 0.3243333333333333 0.2265 0.024666666666666667 0.063
0 0.6463333333333333 0.226 0.022 0.064
0 0.298 0.2245 0.02 0.061
0 0.37133333333333335 0.2235 0.021333333333333333 0.061
0 0.729 0.168 0.024666666666666667 0.056
0 0.32566666666666666 0.164 0.020666666666666667 0.058
0 0.649 0.1695 0.024666666666666667 0.071
0 0.8753333333333333 0.1635 0.02266666666666667 0.063
0 0.8536666666666667 0.1635 0.023333333333333334 0.063
0 0.6263333333333333 0.1635 0.024666666666666667 0.063
0 0.527 0.163 0.023333333333333334 0.062
0 0.7036666666666667 0.1625 0.022 0.063
0 0.4716666666666667 0.163 0.023333333333333334 0.064
0 0.827 0.1605 0.022 0.061
0 0.8036666666666666 0.163 0.023333333333333334 0.066
0 0.6743333333333333 0.162 0.023333333333333334 0.064
0 0.44766666666666666 0.158 0.020666666666666667 0.056
0 0.7526666666666667 0.1605 0.02266666666666667 0.063
0 0.6023333333333334 0.1645 0.026 0.071
0 0.3506666666666667 0.1605 0.021333333333333333 0.063
0 0.49566666666666664 0.1655 0.028666666666666667 0.075
0 0.7763333333333333 0.1615 0.024666666666666667 0.069
0 0.425 0.16 0.024666666666666667 0.07
0 0.399 0.159 0.024666666666666667 0.068
0 0.37366666666666665 0.154 0.024666666666666667 0.06
0 0.5516666666666666 0.156 0.022 0.066
0 0.3 0.152 0.021333333333333333 0.062
0 0.8486666666666667 0.104 0.02266666666666667 0.06
0 0.8736666666666667 0.0975 0.023333333333333334 0.063
0 0.8023333333333333 0.094 0.022 0.058
0 0.4686666666666667 0.091 0.021333333333333333 0.058
0 0.44466666666666665 0.093 0.02266666666666667 0.062
0 0.3486666666666667 0.0925 0.024 0.063
0 0.299 0.0895 0.020666666666666667 0.057
0 0.37266666666666665 0.091 0.021333333333333333 0.062
0 0.7746666666666666 0.089 0.021333333333333333 0.06
0 0.748 0.091 0.025333333333333333 0.066
0 0.725 0.087 0.020666666666666667 0.058
0 0.8263333333333334 0.0965 0.026 0.079
0 0.5276666666666666 0.089 0.024666666666666667 0.064
0 0.646 0.088 0.02266666666666667 0.064
0 0.42233333333333334 0.0905 0.023333333333333334 0.069
0 0.3233333333333333 0.0895 0.025333333333333333 0.069
0 0.397 0.0895 0.024666666666666667 0.071
0 0.603 0.0855 0.022 0.065
0 0.499 0.0845 0.020666666666666667 0.063
0 0.6716666666666666 0.0965 0.03 0.089
0 0.6256666666666667 0.0825 0.023333333333333334 0.061
0 0.5506666666666666 0.086 0.024 0.068
0 0.6996666666666667 0.0835 0.023333333333333334 0.065
0 0.24472222222222223 0.4270833333333333 0.025 0.0675
0 0.2697222222222222 0.43 0.02388888888888889 0.06166666666666667
0 0.4986111111111111 0.5091666666666667 0.020555555555555556 0.065
0 0.4647222222222222 0.7254166666666667 0.018333333333333333 0.05416666666666667
0 0.49777777777777776 0.5795833333333333 0.025555555555555557 0.050833333333333335
0 0.5708333333333333 0.6458333333333334 0.020555555555555556 0.05333333333333334
0 0.5730555555555555 0.0875 0.018333333333333333 0.06333333333333334
0 0.44583333333333336 0.2975 0.021666666666666667 0.065
0 0.6480555555555556 0.3025 0.02277777777777778 0.05333333333333334
0 0.5747222222222222 0.15833333333333333 0.018333333333333333 0.055
0 0.5488888888888889 0.5075 0.025555555555555557 0.06333333333333334
0 0.37194444444444447 0.6520833333333333 0.025 0.060833333333333336
0 0.14777777777777779 0.8666666666666667 0.025555555555555557 0.058333333333333334
0 0.24722222222222223 0.5016666666666667 0.024444444444444446 0.06666666666666667
0 0.6688888888888889 0.29625 0.02 0.05583333333333333
0 0.4663888888888889 0.29375 0.02277777777777778 0.0625
0 0.6483333333333333 0.8045833333333333 0.023333333333333334 0.060833333333333336
0 0.2677777777777778 0.5008333333333334 0.023333333333333334 0.05333333333333334
0 0.19111111111111112 0.7066666666666667 0.024444444444444446 0.06166666666666667
0 0.495 0.8020833333333334 0.023333333333333334 0.05416666666666667
0 0.1711111111111111 0.8583333333333333 0.023333333333333334 0.06
0 0.6180555555555556 0.6583333333333333 0.019444444444444445 0.07166666666666667
0 0.7288888888888889 0.5829166666666666 0.024444444444444446 0.06583333333333333
0 0.5525 0.6591666666666667 0.01611111111111111 0.043333333333333335
0 0.44555555555555554 0.7291666666666666 0.02666666666666667 0.07166666666666667
0 0.2688888888888889 0.79 0.021111111111111112 0.065
0 0.3947222222222222 0.6566666666666666 0.02277777777777778 0.056666666666666664
0 0.6697222222222222 0.8045833333333333 0.028333333333333332 0.059166666666666666
0 0.49444444444444446 0.6533333333333333 0.016666666666666666 0.05333333333333334
0 0.1713888888888889 0.7075 0.026111111111111113 0.06833333333333333
0 0.22194444444444444 0.4275 0.02388888888888889 0.05
0 0.24694444444444444 0.7904166666666667 0.020555555555555556 0.0625
0 0.5980555555555556 0.6604166666666667 0.02277777777777778 0.05583333333333333
0 0.5269444444444444 0.51375 0.026111111111111113 0.06916666666666667
0 0.4708333333333333 0.80375 0.019444444444444445 0.05416666666666667
0 0.7527777777777778 0.5808333333333333 0.024444444444444446 0.06
