0 0.3546666666666667 0.854 0.02 0.022
0 0.37733333333333335 0.8565 0.02 0.041
0 0.44733333333333336 0.849 0.02 0.03
0 0.40066666666666667 0.8385 0.02 0.047
0 0.471 0.84 0.020666666666666667 0.056
0 0.4706666666666667 0.784 0.02 0.042
0 0.37733333333333335 0.7835 0.02 0.043
0 0.425 0.7815 0.020666666666666667 0.051
0 0.494 0.7765 0.02 0.049
0 0.401 0.776 0.020666666666666667 0.052
0 0.3546666666666667 0.773 0.021333333333333333 0.062
0 0.2966666666666667 0.768 0.021333333333333333 0.058
0 0.227 0.764 0.020666666666666667 0.064
0 0.37666666666666665 0.712 0.02 0.04
0 0.3536666666666667 0.7105 0.020666666666666667 0.043
0 0.44633333333333336 0.701 0.020666666666666667 0.054
0 0.494 0.6985 0.02 0.053
0 0.47 0.7025 0.021333333333333333 0.063
0 0.39966666666666667 0.7 0.020666666666666667 0.058
0 0.25133333333333335 0.6945 0.02 0.053
0 0.494 0.636 0.02 0.028
0 0.3536666666666667 0.639 0.020666666666666667 0.034
0 0.471 0.6375 0.020666666666666667 0.045
0 0.447 0.634 0.020666666666666667 0.056
0 0.42333333333333334 0.634 0.02 0.062
0 0.37633333333333335 0.631 0.020666666666666667 0.058
0 0.4 0.6335 0.021333333333333333 0.065
0 0.4703333333333333 0.565 0.020666666666666667 0.052
0 0.37666666666666665 0.5665 0.021333333333333333 0.055
0 0.3536666666666667 0.5635 0.020666666666666667 0.051
0 0.494 0.5575 0.02 0.049
0 0.447 0.561 0.020666666666666667 0.064
0 0.423 0.56 0.020666666666666667 0.062
0 0.39966666666666667 0.5605 0.020666666666666667 0.063
0 0.472 0.4945 0.021333333333333333 0.049
0 0.4003333333333333 0.4915 0.020666666666666667 0.063
0 0.448 0.4905 0.02 0.063
0 0.354 0.4915 0.021333333333333333 0.065
0 0.42433333333333334 0.491 0.022 0.066
0 0.354 0.43 0.02 0.038
0 0.37733333333333335 0.4235 0.021333333333333333 0.057
0 0.471 0.4195 0.020666666666666667 0.059
0 0.44766666666666666 0.4185 0.020666666666666667 0.065
0 0.42433333333333334 0.416 0.020666666666666667 0.062
0 0.401 0.4165 0.020666666666666667 0.063
0 0.47 0.3525 0.021333333333333333 0.033
0 0.4003333333333333 0.354 0.020666666666666667 0.05
0 0.49366666666666664 0.348 0.020666666666666667 0.042
0 0.22666666666666666 0.346 0.02 0.038
0 0.35333333333333333 0.3505 0.02 0.051
0 0.44766666666666666 0.351 0.020666666666666667 0.06
0 0.42433333333333334 0.3505 0.020666666666666667 0.061
0 0.377 0.349 0.020666666666666667 0.066
0 0.4003333333333333 0.279 0.020666666666666667 0.058
0 0.4703333333333333 0.272 0.020666666666666667 0.05
0 0.44666666666666666 0.273 0.021333333333333333 0.058
0 0.4236666666666667 0.2745 0.020666666666666667 0.061
0 0.37666666666666665 0.2765 0.02 0.065
0 0.49333333333333335 0.2665 0.02 0.047
0 0.17966666666666667 0.2685 0.020666666666666667 0.051
0 0.29433333333333334 0.266 0.020666666666666667 0.052
0 0.4703333333333333 0.212 0.020666666666666667 0.054
0 0.447 0.2065 0.020666666666666667 0.043
0 0.5756666666666667 0.203 0.020666666666666667 0.042
0 0.6 0.2045 0.02 0.049
0 0.202 0.203 0.02 0.05
0 0.552 0.1975 0.02 0.045
0 0.4 0.207 0.021333333333333333 0.064
0 0.37566666666666665 0.207 0.020666666666666667 0.066
0 0.49366666666666664 0.2015 0.020666666666666667 0.059
0 0.35233333333333333 0.1395 0.020666666666666667 0.061
0 0.5533333333333333 0.1375 0.021333333333333333 0.063
0 0.37633333333333335 0.138 0.020666666666666667 0.064
0 0.6716666666666666 0.127 0.020666666666666667 0.044
0 0.4703333333333333 0.136 0.020666666666666667 0.062
0 0.6476666666666666 0.132 0.020666666666666667 0.058
0 0.4 0.136 0.021333333333333333 0.066
0 0.624 0.131 0.02 0.058
0 0.42333333333333334 0.167 0.021333333333333333 0.13
0 0.578 0.135 0.02 0.068
0 0.6733333333333333 0.072 0.02 0.052
0 0.696 0.068 0.02 0.05
0 0.578 0.071 0.02 0.056
0 0.6486666666666666 0.07 0.021333333333333333 0.058
0 0.49366666666666664 0.102 0.020666666666666667 0.122
0 0.423 0.07 0.022 0.066
0 0.35233333333333333 0.068 0.020666666666666667 0.064
0 0.376 0.0665 0.021333333333333333 0.065
0 0.5543333333333333 0.0655 0.020666666666666667 0.065
0 0.4696666666666667 0.067 0.020666666666666667 0.07
0 0.44633333333333336 0.098 0.020666666666666667 0.136
0 0.13416666666666666 0.19458333333333333 0.018333333333333333 0.049166666666666664
0 0.3005555555555556 0.8416666666666667 0.018333333333333333 0.049166666666666664
0 0.24944444444444444 0.485 0.018333333333333333 0.049166666666666664
0 0.20333333333333334 0.7041666666666667 0.018333333333333333 0.049166666666666664
0 0.155 0.8491666666666666 0.018333333333333333 0.049166666666666664
0 0.1338888888888889 0.6291666666666667 0.018333333333333333 0.049166666666666664
0 0.3322222222222222 0.7075 0.018333333333333333 0.049166666666666664
0 0.18 0.8458333333333333 0.018333333333333333 0.049166666666666664
0 0.14944444444444444 0.7041666666666667 0.018333333333333333 0.049166666666666664
0 0.3288888888888889 0.06 0.018333333333333333 0.049166666666666664
0 0.15666666666666668 0.6316666666666667 0.018333333333333333 0.049166666666666664
0 0.2727777777777778 0.5533333333333333 0.018333333333333333 0.049166666666666664
0 0.22722222222222221 0.19583333333333333 0.018333333333333333 0.049166666666666664
0 0.18055555555555555 0.1925 0.018333333333333333 0.049166666666666664
0 0.22833333333333333 0.6258333333333334 0.018333333333333333 0.049166666666666664
0 0.20277777777777778 0.4816666666666667 0.018333333333333333 0.049166666666666664
0 0.17944444444444443 0.4083333333333333 0.018333333333333333 0.049166666666666664
0 0.33111111111111113 0.14083333333333334 0.018333333333333333 0.049166666666666664
0 0.20277777777777778 0.5566666666666666 0.018333333333333333 0.049166666666666664
0 0.13166666666666665 0.8475 0.018333333333333333 0.049166666666666664
0 0.3327777777777778 0.415 0.018333333333333333 0.049166666666666664
0 0.33111111111111113 0.2825 0.018333333333333333 0.049166666666666664
0 0.17944444444444443 0.335 0.018333333333333333 0.049166666666666664
0 0.1322222222222222 0.3408333333333333 0.018333333333333333 0.049166666666666664
0 0.13 0.4875 0.018333333333333333 0.049166666666666664
0 0.13166666666666665 0.77 0.018333333333333333 0.049166666666666664
0 0.20333333333333334 0.8416666666666667 0.018333333333333333 0.049166666666666664
0 0.15444444444444444 0.5583333333333333 0.018333333333333333 0.049166666666666664
0 0.15388888888888888 0.7716666666666666 0.018333333333333333 0.049166666666666664
0 0.25 0.7658333333333334 0.018333333333333333 0.049166666666666664
0 0.22166666666666668 0.2625 0.018333333333333333 0.049166666666666664
0 0.17666666666666667 0.485 0.018333333333333333 0.049166666666666664
0 0.295 0.48083333333333333 0.018333333333333333 0.049166666666666664
0 0.15666666666666668 0.4116666666666667 0.018333333333333333 0.049166666666666664
0 0.2972222222222222 0.6191666666666666 0.018333333333333333 0.049166666666666664
0 0.24944444444444444 0.5558333333333333 0.018333333333333333 0.049166666666666664
0 0.2733333333333333 0.4825 0.018333333333333333 0.049166666666666664
0 0.29944444444444446 0.19 0.018333333333333333 0.049166666666666664
0 0.23 0.8425 0.018333333333333333 0.049166666666666664
0 0.155 0.19416666666666665 0.018333333333333333 0.049166666666666664
0 0.17722222222222223 0.5558333333333333 0.018333333333333333 0.049166666666666664
0 0.2733333333333333 0.4058333333333333 0.018333333333333333 0.049166666666666664
0 0.275 0.7708333333333334 0.018333333333333333 0.049166666666666664
0 0.3322222222222222 0.635 0.018333333333333333 0.049166666666666664
0 0.33055555555555555 0.8483333333333334 0.018333333333333333 0.049166666666666664
0 0.18444444444444444 0.6333333333333333 0.018333333333333333 0.049166666666666664
0 0.275 0.6958333333333333 0.018333333333333333 0.049166666666666664
0 0.2238888888888889 0.4058333333333333 0.018333333333333333 0.049166666666666664
0 0.24944444444444444 0.26 0.018333333333333333 0.049166666666666664
0 0.22277777777777777 0.4825 0.018333333333333333 0.049166666666666664
0 0.20277777777777778 0.265 0.018333333333333333 0.049166666666666664
0 0.27055555555555555 0.335 0.018333333333333333 0.049166666666666664
0 0.25 0.625 0.018333333333333333 0.049166666666666664
0 0.12944444444444445 0.4116666666666667 0.018333333333333333 0.049166666666666664
0 0.3333333333333333 0.48833333333333334 0.018333333333333333 0.049166666666666664
0 0.13166666666666665 0.5583333333333333 0.018333333333333333 0.049166666666666664
0 0.29444444444444445 0.3375 0.018333333333333333 0.049166666666666664
0 0.2061111111111111 0.6341666666666667 0.018333333333333333 0.049166666666666664
0 0.20833333333333334 0.7733333333333333 0.018333333333333333 0.049166666666666664
0 0.22777777777777777 0.6983333333333334 0.018333333333333333 0.049166666666666664
0 0.275 0.19083333333333333 0.018333333333333333 0.049166666666666664
0 0.205 0.4075 0.018333333333333333 0.049166666666666664
0 0.27166666666666667 0.2658333333333333 0.018333333333333333 0.049166666666666664
0 0.1827777777777778 0.7708333333333334 0.018333333333333333 0.049166666666666664
0 0.15555555555555556 0.2708333333333333 0.018333333333333333 0.049166666666666664
0 0.2511111111111111 0.33666666666666667 0.018333333333333333 0.049166666666666664
0 0.2966666666666667 0.4075 0.018333333333333333 0.049166666666666664
0 0.33166666666666667 0.3491666666666667 0.018333333333333333 0.049166666666666664
0 0.15444444444444444 0.485 0.018333333333333333 0.049166666666666664
0 0.20166666666666666 0.3333333333333333 0.018333333333333333 0.049166666666666664
0 0.2772222222222222 0.8441666666666666 0.018333333333333333 0.049166666666666664
0 0.29944444444444446 0.6933333333333334 0.018333333333333333 0.049166666666666664
0 0.13166666666666665 0.7058333333333333 0.018333333333333333 0.049166666666666664
0 0.12944444444444445 0.2683333333333333 0.018333333333333333 0.049166666666666664
0 0.17888888888888888 0.7025 0.018333333333333333 0.049166666666666664
0 0.2966666666666667 0.5508333333333333 0.018333333333333333 0.049166666666666664
0 0.3333333333333333 0.565 0.018333333333333333 0.049166666666666664
0 0.3338888888888889 0.7833333333333333 0.018333333333333333 0.049166666666666664
0 0.255 0.8425 0.018333333333333333 0.049166666666666664
0 0.2738888888888889 0.62 0.018333333333333333 0.049166666666666664
0 0.25222222222222224 0.4083333333333333 0.018333333333333333 0.049166666666666664
0 0.33055555555555555 0.20583333333333334 0.018333333333333333 0.049166666666666664
0 0.2238888888888889 0.5558333333333333 0.018333333333333333 0.049166666666666664
0 0.15444444444444444 0.3358333333333333 0.018333333333333333 0.049166666666666664
0 0.24722222222222223 0.19333333333333333 0.018333333333333333 0.049166666666666664
0 0.6066666666666667 0.12916666666666668 0.018333333333333333 0.049166666666666664
0 0.5333333333333333 0.06 0.018333333333333333 0.049166666666666664
0 0.5005555555555555 0.49166666666666664 0.018333333333333333 0.049166666666666664
0 0.5011111111111111 0.8516666666666667 0.018333333333333333 0.049166666666666664
0 0.35555555555555557 0.20166666666666666 0.018333333333333333 0.049166666666666664
0 0.49833333333333335 0.41583333333333333 0.018333333333333333 0.049166666666666664
0 0.42444444444444446 0.7041666666666667 0.018333333333333333 0.049166666666666664
0 0.6277777777777778 0.2075 0.018333333333333333 0.049166666666666664
0 0.3566666666666667 0.2808333333333333 0.018333333333333333 0.049166666666666664
0 0.6294444444444445 0.060833333333333336 0.018333333333333333 0.049166666666666664
0 0.4488888888888889 0.7708333333333334 0.018333333333333333 0.049166666666666664
0 0.5311111111111111 0.13333333333333333 0.018333333333333333 0.049166666666666664
0 0.6061111111111112 0.0575 0.018333333333333333 0.049166666666666664
0 0.42777777777777776 0.8491666666666666 0.018333333333333333 0.049166666666666664
0 0.5294444444444445 0.205 0.018333333333333333 0.049166666666666664
0 0.6977777777777778 0.13083333333333333 0.018333333333333333 0.049166666666666664
0 0.4038888888888889 0.056666666666666664 0.018333333333333333 0.049166666666666664
0 0.3811111111111111 0.49583333333333335 0.018333333333333333 0.049166666666666664
