0 0.10583333333333333 0.22958333333333333 0.019444444444444445 0.0425
0 0.24055555555555555 0.8166666666666667 0.019444444444444445 0.0425
0 0.2688888888888889 0.29583333333333334 0.019444444444444445 0.0425
0 0.2733333333333333 0.8941666666666667 0.019444444444444445 0.0425
0 0.17722222222222223 0.2275 0.019444444444444445 0.0425
0 0.21833333333333332 0.44666666666666666 0.019444444444444445 0.0425
0 0.26611111111111113 0.36666666666666664 0.019444444444444445 0.0425
0 0.15388888888888888 0.8975 0.019444444444444445 0.0425
0 0.15055555555555555 0.4483333333333333 0.019444444444444445 0.0425
0 0.21833333333333332 0.8116666666666666 0.019444444444444445 0.0425
0 0.15 0.37416666666666665 0.019444444444444445 0.0425
0 0.12944444444444445 0.22833333333333333 0.019444444444444445 0.0425
0 0.24555555555555555 0.8866666666666667 0.019444444444444445 0.0425
0 0.24666666666666667 0.2875 0.019444444444444445 0.0425
0 0.19722222222222222 0.6641666666666667 0.019444444444444445 0.0425
0 0.105 0.895 0.019444444444444445 0.0425
0 0.12555555555555556 0.81 0.019444444444444445 0.0425
0 0.225 0.8941666666666667 0.019444444444444445 0.0425
0 0.26666666666666666 0.52 0.019444444444444445 0.0425
0 0.21833333333333332 0.29583333333333334 0.019444444444444445 0.0425
0 0.17666666666666667 0.59 0.019444444444444445 0.0425
0 0.24555555555555555 0.52 0.019444444444444445 0.0425
0 0.19444444444444445 0.74 0.019444444444444445 0.0425
0 0.17277777777777778 0.3725 0.019444444444444445 0.0425
0 0.3022222222222222 0.16916666666666666 0.019444444444444445 0.0425
0 0.27 0.665 0.019444444444444445 0.0425
0 0.17444444444444446 0.4483333333333333 0.019444444444444445 0.0425
0 0.10444444444444445 0.8116666666666666 0.019444444444444445 0.0425
0 0.32666666666666666 0.09166666666666666 0.019444444444444445 0.0425
0 0.245 0.37083333333333335 0.019444444444444445 0.0425
0 0.10222222222222223 0.665 0.019444444444444445 0.0425
0 0.17722222222222223 0.5216666666666666 0.019444444444444445 0.0425
0 0.19833333333333333 0.5183333333333333 0.019444444444444445 0.0425
0 0.22277777777777777 0.3675 0.019444444444444445 0.0425
0 0.10444444444444445 0.7441666666666666 0.019444444444444445 0.0425
0 0.10055555555555555 0.5225 0.019444444444444445 0.0425
0 0.14944444444444444 0.6591666666666667 0.019444444444444445 0.0425
0 0.24 0.6691666666666667 0.019444444444444445 0.0425
0 0.4438888888888889 0.08583333333333333 0.019444444444444445 0.0425
0 0.12666666666666668 0.525 0.019444444444444445 0.0425
0 0.3988888888888889 0.08916666666666667 0.019444444444444445 0.0425
0 0.26722222222222225 0.44583333333333336 0.019444444444444445 0.0425
0 0.19611111111111112 0.8116666666666666 0.019444444444444445 0.0425
0 0.1711111111111111 0.74 0.019444444444444445 0.0425
0 0.3511111111111111 0.08916666666666667 0.019444444444444445 0.0425
0 0.10111111111111111 0.445 0.019444444444444445 0.0425
0 0.10777777777777778 0.5891666666666666 0.019444444444444445 0.0425
0 0.12944444444444445 0.7408333333333333 0.019444444444444445 0.0425
0 0.24444444444444444 0.44166666666666665 0.019444444444444445 0.0425
0 0.19555555555555557 0.2941666666666667 0.019444444444444445 0.0425
0 0.26611111111111113 0.22666666666666666 0.019444444444444445 0.0425
0 0.19777777777777777 0.44583333333333336 0.019444444444444445 0.0425
0 0.2722222222222222 0.745 0.019444444444444445 0.0425
0 0.1527777777777778 0.2941666666666667 0.019444444444444445 0.0425
0 0.2688888888888889 0.8175 0.019444444444444445 0.0425
0 0.17333333333333334 0.665 0.019444444444444445 0.0425
0 0.22166666666666668 0.7391666666666666 0.019444444444444445 0.0425
0 0.125 0.8991666666666667 0.019444444444444445 0.0425
0 0.19722222222222222 0.8983333333333333 0.019444444444444445 0.0425
0 0.1738888888888889 0.8133333333333334 0.019444444444444445 0.0425
0 0.24388888888888888 0.5883333333333334 0.019444444444444445 0.0425
0 0.465 0.09166666666666666 0.019444444444444445 0.0425
0 0.12666666666666668 0.2925 0.019444444444444445 0.0425
0 0.1511111111111111 0.5908333333333333 0.019444444444444445 0.0425
0 0.19944444444444445 0.37083333333333335 0.019444444444444445 0.0425
0 0.1511111111111111 0.5216666666666666 0.019444444444444445 0.0425
0 0.1238888888888889 0.6608333333333334 0.019444444444444445 0.0425
0 0.32666666666666666 0.1675 0.019444444444444445 0.0425
0 0.22333333333333333 0.5883333333333334 0.019444444444444445 0.0425
0 0.30277777777777776 0.09 0.019444444444444445 0.0425
0 0.12555555555555556 0.5925 0.019444444444444445 0.0425
0 0.12444444444444444 0.37416666666666665 0.019444444444444445 0.0425
0 0.42 0.08666666666666667 0.019444444444444445 0.0425
0 0.14888888888888888 0.81 0.019444444444444445 0.0425
0 0.2683333333333333 0.5883333333333334 0.019444444444444445 0.0425
0 0.19555555555555557 0.22333333333333333 0.019444444444444445 0.0425
0 0.24444444444444444 0.7416666666666667 0.019444444444444445 0.0425
0 0.19833333333333333 0.5941666666666666 0.019444444444444445 0.0425
0 0.21888888888888888 0.6616666666666666 0.019444444444444445 0.0425
0 0.10111111111111111 0.2916666666666667 0.019444444444444445 0.0425
0 0.10388888888888889 0.37333333333333335 0.019444444444444445 0.0425
0 0.1738888888888889 0.8958333333333334 0.019444444444444445 0.0425
0 0.1511111111111111 0.7408333333333333 0.019444444444444445 0.0425
0 0.24388888888888888 0.22166666666666668 0.019444444444444445 0.0425
0 0.22277777777777777 0.22833333333333333 0.019444444444444445 0.0425
0 0.3705555555555556 0.09083333333333334 0.019444444444444445 0.0425
0 0.14944444444444444 0.235 0.019444444444444445 0.0425
0 0.12611111111111112 0.44666666666666666 0.019444444444444445 0.0425
0 0.17222222222222222 0.295 0.019444444444444445 0.0425
0 0.22166666666666668 0.5191666666666667 0.019444444444444445 0.0425
0 0.5555555555555556 0.44666666666666666 0.019444444444444445 0.0425
0 0.6711111111111111 0.155 0.019444444444444445 0.0425
0 0.6716666666666666 0.22833333333333333 0.019444444444444445 0.0425
0 0.5761111111111111 0.15333333333333332 0.019444444444444445 0.0425
0 0.5766666666666667 0.22416666666666665 0.019444444444444445 0.0425
0 0.6022222222222222 0.4375 0.019444444444444445 0.0425
0 0.5055555555555555 0.1575 0.019444444444444445 0.0425
0 0.5316666666666666 0.5066666666666667 0.019444444444444445 0.0425
0 0.5305555555555556 0.22416666666666665 0.019444444444444445 0.0425
0 0.5077777777777778 0.5158333333333334 0.019444444444444445 0.0425
0 0.6011111111111112 0.22666666666666666 0.019444444444444445 0.0425
0 0.6727777777777778 0.43916666666666665 0.019444444444444445 0.0425
0 0.5794444444444444 0.5075 0.019444444444444445 0.0425
0 0.5083333333333333 0.44166666666666665 0.019444444444444445 0.0425
0 0.6005555555555555 0.2991666666666667 0.019444444444444445 0.0425
0 0.6 0.3725 0.019444444444444445 0.0425
0 0.6477777777777778 0.3725 0.019444444444444445 0.0425
0 0.5061111111111111 0.30666666666666664 0.019444444444444445 0.0425
0 0.5066666666666667 0.3675 0.019444444444444445 0.0425
0 0.6488888888888888 0.22583333333333333 0.019444444444444445 0.0425
0 0.6227777777777778 0.15083333333333335 0.019444444444444445 0.0425
0 0.5572222222222222 0.37 0.019444444444444445 0.0425
0 0.675 0.37416666666666665 0.019444444444444445 0.0425
0 0.6716666666666666 0.2991666666666667 0.019444444444444445 0.0425
0 0.5561111111111111 0.225 0.019444444444444445 0.0425
0 0.5055555555555555 0.22666666666666666 0.019444444444444445 0.0425
0 0.5794444444444444 0.37083333333333335 0.019444444444444445 0.0425
0 0.5533333333333333 0.295 0.019444444444444445 0.0425
0 0.555 0.15333333333333332 0.019444444444444445 0.0425
0 0.6233333333333333 0.37 0.019444444444444445 0.0425
0 0.5316666666666666 0.3016666666666667 0.019444444444444445 0.0425
0 0.5788888888888889 0.44416666666666665 0.019444444444444445 0.0425
0 0.6483333333333333 0.44083333333333335 0.019444444444444445 0.0425
0 0.5311111111111111 0.44083333333333335 0.019444444444444445 0.0425
0 0.6244444444444445 0.5075 0.019444444444444445 0.0425
0 0.6022222222222222 0.5066666666666667 0.019444444444444445 0.0425
0 0.6483333333333333 0.2966666666666667 0.019444444444444445 0.0425
0 0.5538888888888889 0.5183333333333333 0.019444444444444445 0.0425
0 0.5344444444444445 0.3675 0.019444444444444445 0.0425
0 0.6205555555555555 0.2991666666666667 0.019444444444444445 0.0425
0 0.575 0.2966666666666667 0.019444444444444445 0.0425
0 0.625 0.43916666666666665 0.019444444444444445 0.0425
0 0.6272222222222222 0.22916666666666666 0.019444444444444445 0.0425
0 0.6016666666666667 0.155 0.019444444444444445 0.0425
0 0.5322222222222223 0.15333333333333332 0.019444444444444445 0.0425
0 0.6488888888888888 0.15583333333333332 0.019444444444444445 0.0425
