0 0.24633333333333332 0.8435 0.01 0.031
0 0.2713333333333333 0.8415 0.008 0.029
0 0.22266666666666668 0.841 0.009333333333333334 0.03
0 0.15066666666666667 0.8415 0.010666666666666666 0.031
0 0.13 0.841 0.010666666666666666 0.03
0 0.104 0.839 0.009333333333333334 0.028
0 0.19533333333333333 0.8385 0.009333333333333334 0.029
0 0.17533333333333334 0.836 0.009333333333333334 0.03
0 0.267 0.774 0.01 0.032
0 0.21966666666666668 0.7705 0.008666666666666666 0.029
0 0.17533333333333334 0.7715 0.010666666666666666 0.031
0 0.15033333333333335 0.7735 0.011333333333333334 0.035
0 0.10033333333333333 0.771 0.008666666666666666 0.03
0 0.24333333333333335 0.771 0.010666666666666666 0.034
0 0.19633333333333333 0.7695 0.01 0.033
0 0.131 0.7685 0.011333333333333334 0.035
0 0.26566666666666666 0.7055 0.01 0.029
0 0.22033333333333333 0.7035 0.008666666666666666 0.029
0 0.241 0.7025 0.01 0.031
0 0.19633333333333333 0.7 0.008666666666666666 0.03
0 0.175 0.697 0.01 0.028
0 0.14966666666666667 0.6965 0.01 0.029
0 0.10333333333333333 0.693 0.010666666666666666 0.032
0 0.128 0.6935 0.010666666666666666 0.035
0 0.241 0.637 0.01 0.03
0 0.21866666666666668 0.6285 0.010666666666666666 0.029
0 0.148 0.6265 0.008 0.025
0 0.12533333333333332 0.6285 0.010666666666666666 0.029
0 0.17133333333333334 0.6285 0.010666666666666666 0.031
0 0.197 0.626 0.01 0.028
0 0.099 0.6275 0.01 0.031
0 0.2653333333333333 0.623 0.010666666666666666 0.03
0 0.263 0.56 0.008666666666666666 0.03
0 0.23933333333333334 0.556 0.008 0.028
0 0.19433333333333333 0.556 0.008666666666666666 0.028
0 0.16933333333333334 0.5555 0.008 0.027
0 0.122 0.557 0.009333333333333334 0.03
0 0.218 0.553 0.008 0.028
0 0.101 0.5535 0.01 0.029
0 0.149 0.5525 0.01 0.029
0 0.2653333333333333 0.488 0.008 0.026
0 0.12266666666666666 0.488 0.009333333333333334 0.028
0 0.17366666666666666 0.4865 0.01 0.029
0 0.24066666666666667 0.4845 0.010666666666666666 0.029
0 0.22133333333333333 0.4845 0.009333333333333334 0.029
0 0.148 0.485 0.009333333333333334 0.03
0 0.19666666666666666 0.4835 0.009333333333333334 0.029
0 0.10033333333333333 0.482 0.008666666666666666 0.03
0 0.22 0.42 0.009333333333333334 0.028
0 0.2663333333333333 0.4175 0.01 0.029
0 0.24066666666666667 0.4175 0.009333333333333334 0.029
0 0.14566666666666667 0.416 0.008666666666666666 0.028
0 0.098 0.415 0.009333333333333334 0.026
0 0.126 0.4155 0.010666666666666666 0.029
0 0.17166666666666666 0.4145 0.01 0.029
0 0.19466666666666665 0.414 0.009333333333333334 0.03
0 0.14633333333333334 0.3495 0.01 0.029
0 0.219 0.3485 0.01 0.029
0 0.19533333333333333 0.347 0.008 0.026
0 0.169 0.3465 0.008666666666666666 0.025
0 0.12233333333333334 0.344 0.008666666666666666 0.026
0 0.09866666666666667 0.3455 0.009333333333333334 0.029
0 0.26366666666666666 0.343 0.008666666666666666 0.026
0 0.3373333333333333 0.3425 0.009333333333333334 0.029
0 0.243 0.3425 0.008666666666666666 0.029
0 0.357 0.3425 0.01 0.031
0 0.4543333333333333 0.3395 0.01 0.029
0 0.37733333333333335 0.34 0.009333333333333334 0.03
0 0.30133333333333334 0.339 0.009333333333333334 0.028
0 0.318 0.339 0.010666666666666666 0.03
0 0.43466666666666665 0.3375 0.009333333333333334 0.029
0 0.416 0.3365 0.009333333333333334 0.027
0 0.3963333333333333 0.3355 0.008666666666666666 0.027
0 0.17033333333333334 0.2805 0.01 0.029
0 0.217 0.277 0.01 0.028
0 0.12266666666666666 0.276 0.008 0.026
0 0.243 0.2755 0.008666666666666666 0.027
0 0.14766666666666667 0.2755 0.01 0.027
0 0.19366666666666665 0.274 0.008666666666666666 0.026
0 0.10133333333333333 0.2745 0.009333333333333334 0.027
0 0.26366666666666666 0.272 0.01 0.028
0 0.32033333333333336 0.259 0.011333333333333334 0.028
0 0.29933333333333334 0.259 0.009333333333333334 0.03
0 0.35933333333333334 0.256 0.010666666666666666 0.028
0 0.4176666666666667 0.255 0.01 0.03
0 0.398 0.255 0.009333333333333334 0.03
0 0.37766666666666665 0.2555 0.01 0.031
0 0.3393333333333333 0.255 0.009333333333333334 0.03
0 0.475 0.254 0.01 0.03
0 0.458 0.251 0.009333333333333334 0.028
0 0.438 0.2505 0.010666666666666666 0.029
0 0.148 0.2085 0.009333333333333334 0.029
0 0.2623333333333333 0.2055 0.008666666666666666 0.027
0 0.17066666666666666 0.206 0.009333333333333334 0.028
0 0.10166666666666667 0.2065 0.01 0.029
0 0.24 0.2055 0.009333333333333334 0.029
0 0.217 0.2055 0.01 0.029
0 0.125 0.206 0.01 0.03
0 0.194 0.204 0.010666666666666666 0.03
0 0.31933333333333336 0.178 0.009333333333333334 0.03
0 0.3586666666666667 0.176 0.010666666666666666 0.028
0 0.3383333333333333 0.1775 0.01 0.031
0 0.3973333333333333 0.1755 0.009333333333333334 0.029
0 0.419 0.175 0.011333333333333334 0.032
0 0.47633333333333333 0.1715 0.01 0.027
0 0.43866666666666665 0.1735 0.009333333333333334 0.031
0 0.37966666666666665 0.1725 0.01 0.029
0 0.2996666666666667 0.172 0.01 0.028
0 0.458 0.1695 0.010666666666666666 0.029
0 0.544 0.142 0.012 0.028
0 0.32466666666666666 0.095 0.010666666666666666 0.03
0 0.3433333333333333 0.0935 0.010666666666666666 0.029
0 0.30466666666666664 0.0925 0.009333333333333334 0.027
0 0.38166666666666665 0.091 0.008666666666666666 0.026
0 0.36433333333333334 0.093 0.01 0.03
0 0.4766666666666667 0.089 0.009333333333333334 0.026
0 0.402 0.09 0.010666666666666666 0.028
0 0.44066666666666665 0.09 0.010666666666666666 0.03
0 0.42033333333333334 0.0895 0.01 0.029
0 0.458 0.087 0.010666666666666666 0.028
