0 0.18766666666666668 0.85 0.018 0.034
0 0.20266666666666666 0.831 0.016 0.034
0 0.25166666666666665 0.8265 0.015333333333333332 0.033
0 0.22666666666666666 0.828 0.016 0.036
0 0.09566666666666666 0.8265 0.016666666666666666 0.037
0 0.14833333333333334 0.824 0.016666666666666666 0.036
0 0.12166666666666667 0.8185 0.016666666666666666 0.035
0 0.12866666666666668 0.5855 0.016 0.035
0 0.154 0.5845 0.016 0.035
0 0.10166666666666667 0.5825 0.015333333333333332 0.035
0 0.17833333333333334 0.5815 0.015333333333333332 0.035
0 0.531 0.2235 0.014 0.031
0 0.681 0.2205 0.015333333333333332 0.033
0 0.5823333333333334 0.2195 0.015333333333333332 0.035
0 0.633 0.218 0.015333333333333332 0.034
0 0.49866666666666665 0.219 0.016 0.036
0 0.6066666666666667 0.2165 0.014666666666666666 0.033
0 0.558 0.2175 0.016 0.035
0 0.6566666666666666 0.2165 0.016 0.035
0 0.3453333333333333 0.155 0.017333333333333333 0.036
0 0.7853333333333333 0.1555 0.017333333333333333 0.039
0 0.30833333333333335 0.1465 0.015333333333333332 0.033
0 0.8113333333333334 0.147 0.017333333333333333 0.038
0 0.7043333333333334 0.1455 0.016666666666666666 0.037
0 0.7376666666666667 0.1435 0.016666666666666666 0.035
0 0.6123333333333333 0.143 0.015333333333333332 0.034
0 0.6346666666666667 0.141 0.014666666666666666 0.032
0 0.762 0.142 0.017333333333333333 0.038
0 0.5046666666666667 0.142 0.017333333333333333 0.038
0 0.529 0.1385 0.015333333333333332 0.033
0 0.6783333333333333 0.138 0.015333333333333332 0.034
0 0.553 0.1375 0.015333333333333332 0.033
0 0.6543333333333333 0.1385 0.016666666666666666 0.037
0 0.581 0.1355 0.016666666666666666 0.035
0 0.20694444444444443 0.5854166666666667 0.015 0.029166666666666667
0 0.23333333333333334 0.5875 0.015 0.029166666666666667
0 0.7072222222222222 0.6141666666666666 0.015 0.029166666666666667
0 0.5011111111111111 0.625 0.015 0.029166666666666667
0 0.5233333333333333 0.6316666666666667 0.015 0.029166666666666667
