0 0.424 0.9195 0.014666666666666666 0.037
0 0.607 0.917 0.012666666666666666 0.042
0 0.4 0.915 0.016 0.046
0 0.21933333333333332 0.916 0.02 0.048
0 0.45 0.9135 0.017333333333333333 0.045
0 0.3303333333333333 0.9135 0.016666666666666666 0.045
0 0.37833333333333335 0.913 0.014 0.048
0 0.19566666666666666 0.913 0.018 0.048
0 0.173 0.9135 0.019333333333333334 0.049
0 0.14966666666666667 0.912 0.019333333333333334 0.046
0 0.10466666666666667 0.914 0.017333333333333333 0.05
0 0.6283333333333333 0.911 0.019333333333333334 0.046
0 0.511 0.9105 0.018 0.045
0 0.307 0.9125 0.018 0.049
0 0.242 0.913 0.018666666666666668 0.05
0 0.65 0.909 0.017333333333333333 0.044
0 0.12633333333333333 0.912 0.018 0.05
0 0.7103333333333334 0.9085 0.014 0.045
0 0.8453333333333334 0.907 0.014666666666666666 0.05
0 0.7796666666666666 0.905 0.018 0.046
0 0.8236666666666667 0.905 0.016666666666666666 0.048
0 0.8003333333333333 0.9035 0.014 0.045
0 0.7556666666666667 0.904 0.015333333333333332 0.048
0 0.7333333333333333 0.904 0.014666666666666666 0.048
0 0.5056666666666667 0.849 0.015333333333333332 0.038
0 0.21933333333333332 0.85 0.02 0.04
0 0.4246666666666667 0.847 0.02 0.04
0 0.26466666666666666 0.8465 0.017333333333333333 0.043
0 0.5296666666666666 0.8445 0.012666666666666666 0.045
0 0.30766666666666664 0.845 0.016666666666666666 0.046
0 0.3303333333333333 0.8465 0.016666666666666666 0.051
0 0.39966666666666667 0.843 0.015333333333333332 0.046
0 0.377 0.8455 0.016666666666666666 0.051
0 0.3526666666666667 0.8445 0.018666666666666668 0.049
0 0.149 0.845 0.018 0.052
0 0.24266666666666667 0.843 0.018666666666666668 0.05
0 0.12766666666666668 0.841 0.015333333333333332 0.048
0 0.6526666666666666 0.841 0.016 0.05
0 0.7776666666666666 0.8375 0.014 0.047
0 0.103 0.8295 0.019333333333333334 0.035
0 0.803 0.837 0.019333333333333334 0.054
0 0.847 0.834 0.019333333333333334 0.05
0 0.8253333333333334 0.833 0.02 0.05
0 0.3293333333333333 0.7775 0.017333333333333333 0.047
0 0.21633333333333332 0.7765 0.016666666666666666 0.045
0 0.51 0.7735 0.017333333333333333 0.041
0 0.35333333333333333 0.778 0.017333333333333333 0.05
0 0.604 0.774 0.018666666666666668 0.044
0 0.30766666666666664 0.775 0.018 0.046
0 0.4206666666666667 0.7745 0.017333333333333333 0.047
0 0.6313333333333333 0.773 0.016 0.046
0 0.5306666666666666 0.771 0.012 0.042
0 0.14866666666666667 0.774 0.017333333333333333 0.048
0 0.5816666666666667 0.7725 0.019333333333333334 0.047
0 0.554 0.7715 0.013333333333333334 0.045
0 0.39966666666666667 0.7735 0.016666666666666666 0.049
0 0.194 0.773 0.02 0.048
0 0.125 0.7735 0.020666666666666667 0.053
0 0.8446666666666667 0.77 0.013333333333333334 0.048
0 0.71 0.769 0.014666666666666666 0.046
0 0.7336666666666667 0.7685 0.016666666666666666 0.047
0 0.8236666666666667 0.76 0.015333333333333332 0.036
0 0.354 0.7145 0.014666666666666666 0.035
0 0.265 0.708 0.016666666666666666 0.04
0 0.17 0.708 0.018666666666666668 0.042
0 0.32966666666666666 0.7085 0.018 0.045
0 0.402 0.7075 0.02 0.045
0 0.37633333333333335 0.7085 0.016666666666666666 0.047
0 0.19366666666666665 0.7065 0.018 0.045
0 0.24033333333333334 0.704 0.018 0.046
0 0.652 0.7005 0.013333333333333334 0.041
0 0.63 0.702 0.013333333333333334 0.044
0 0.6043333333333333 0.7005 0.015333333333333332 0.041
0 0.218 0.7035 0.018666666666666668 0.047
0 0.149 0.703 0.018 0.048
0 0.12766666666666668 0.703 0.020666666666666667 0.052
0 0.7326666666666667 0.699 0.014666666666666666 0.046
0 0.7103333333333334 0.697 0.015333333333333332 0.046
0 0.825 0.6975 0.018 0.049
0 0.8013333333333333 0.697 0.016 0.048
0 0.7806666666666666 0.6925 0.018666666666666668 0.039
0 0.7566666666666667 0.6955 0.017333333333333333 0.045
0 0.399 0.641 0.015333333333333332 0.048
0 0.37566666666666665 0.6395 0.016666666666666666 0.047
0 0.30666666666666664 0.639 0.017333333333333333 0.046
0 0.33166666666666667 0.637 0.014 0.046
0 0.24166666666666667 0.6365 0.016666666666666666 0.045
0 0.19333333333333333 0.635 0.018666666666666668 0.046
0 0.17166666666666666 0.635 0.018 0.046
0 0.85 0.633 0.021333333333333333 0.046
0 0.7796666666666666 0.6255 0.016666666666666666 0.035
0 0.6516666666666666 0.629 0.015333333333333332 0.042
0 0.5076666666666667 0.6335 0.012666666666666666 0.051
0 0.14866666666666667 0.6325 0.018666666666666668 0.049
0 0.12533333333333332 0.633 0.018666666666666668 0.05
0 0.733 0.63 0.015333333333333332 0.046
0 0.7096666666666667 0.628 0.015333333333333332 0.044
0 0.629 0.628 0.015333333333333332 0.044
0 0.5826666666666667 0.626 0.012 0.05
0 0.33 0.5695 0.016 0.043
0 0.352 0.5695 0.016 0.045
0 0.39866666666666667 0.5665 0.013333333333333334 0.043
0 0.4483333333333333 0.5645 0.016666666666666666 0.041
0 0.422 0.565 0.013333333333333334 0.042
0 0.239 0.566 0.018 0.046
0 0.12533333333333332 0.567 0.017333333333333333 0.048
0 0.5796666666666667 0.563 0.016666666666666666 0.042
0 0.306 0.565 0.017333333333333333 0.046
0 0.5366666666666666 0.562 0.012 0.042
0 0.21633333333333332 0.5655 0.018 0.049
0 0.104 0.5655 0.016 0.049
0 0.6026666666666667 0.561 0.017333333333333333 0.042
0 0.5593333333333333 0.5615 0.012 0.043
0 0.17066666666666666 0.564 0.016 0.048
0 0.8266666666666667 0.5615 0.016 0.045
0 0.7336666666666667 0.5575 0.014 0.037
0 0.14566666666666667 0.5635 0.019333333333333334 0.049
0 0.8053333333333333 0.5615 0.017333333333333333 0.047
0 0.19533333333333333 0.564 0.018666666666666668 0.052
0 0.6283333333333333 0.5555 0.015333333333333332 0.039
0 0.851 0.553 0.018 0.036
0 0.7813333333333333 0.5585 0.017333333333333333 0.047
0 0.375 0.5 0.016666666666666666 0.046
0 0.352 0.498 0.016 0.042
0 0.3283333333333333 0.4975 0.016666666666666666 0.043
0 0.193 0.4975 0.016666666666666666 0.045
0 0.21533333333333332 0.497 0.017333333333333333 0.046
0 0.12533333333333332 0.4955 0.02 0.043
0 0.30533333333333335 0.496 0.017333333333333333 0.048
0 0.16966666666666666 0.495 0.018 0.048
0 0.148 0.4945 0.017333333333333333 0.047
0 0.10233333333333333 0.497 0.018 0.052
0 0.7563333333333333 0.4925 0.015333333333333332 0.045
0 0.733 0.4925 0.014 0.045
0 0.6506666666666666 0.4905 0.016 0.041
0 0.5093333333333333 0.493 0.013333333333333334 0.046
0 0.239 0.494 0.018 0.048
0 0.779 0.493 0.015333333333333332 0.048
0 0.6253333333333333 0.4905 0.017333333333333333 0.043
0 0.5596666666666666 0.4915 0.012666666666666666 0.045
0 0.537 0.491 0.012666666666666666 0.046
0 0.8266666666666667 0.484 0.017333333333333333 0.034
0 0.8026666666666666 0.489 0.017333333333333333 0.046
0 0.7096666666666667 0.487 0.015333333333333332 0.042
0 0.3303333333333333 0.429 0.015333333333333332 0.044
0 0.37466666666666665 0.429 0.016 0.046
0 0.6486666666666666 0.4245 0.014666666666666666 0.043
0 0.307 0.4265 0.016666666666666666 0.047
0 0.6046666666666667 0.4235 0.013333333333333334 0.043
0 0.5813333333333334 0.4235 0.012 0.043
0 0.42 0.425 0.016 0.046
0 0.19266666666666668 0.423 0.018666666666666668 0.042
0 0.7563333333333333 0.4235 0.015333333333333332 0.045
0 0.16666666666666666 0.4245 0.018666666666666668 0.047
0 0.126 0.426 0.018666666666666668 0.05
0 0.8013333333333333 0.424 0.016 0.048
0 0.6273333333333333 0.423 0.014666666666666666 0.046
0 0.14666666666666667 0.425 0.016 0.05
0 0.21466666666666667 0.421 0.017333333333333333 0.044
0 0.827 0.423 0.018 0.05
0 0.849 0.422 0.019333333333333334 0.052
0 0.10333333333333333 0.4225 0.017333333333333333 0.055
0 0.3973333333333333 0.3585 0.016 0.041
0 0.329 0.3585 0.015333333333333332 0.045
0 0.42133333333333334 0.3575 0.013333333333333334 0.045
0 0.37533333333333335 0.3575 0.014666666666666666 0.045
0 0.6033333333333334 0.3555 0.012 0.045
0 0.556 0.3545 0.016 0.043
0 0.35133333333333333 0.356 0.016 0.046
0 0.5333333333333333 0.354 0.017333333333333333 0.044
0 0.7786666666666666 0.351 0.014666666666666666 0.04
0 0.6266666666666667 0.3545 0.013333333333333334 0.047
0 0.579 0.354 0.018 0.046
0 0.192 0.3555 0.017333333333333333 0.049
0 0.30666666666666664 0.354 0.016 0.048
0 0.218 0.354 0.017333333333333333 0.048
0 0.17 0.3525 0.017333333333333333 0.045
0 0.147 0.3565 0.018 0.053
0 0.6486666666666666 0.3525 0.012 0.047
0 0.513 0.352 0.012666666666666666 0.046
0 0.10333333333333333 0.3555 0.016 0.053
0 0.757 0.349 0.016666666666666666 0.042
0 0.239 0.3515 0.015333333333333332 0.047
0 0.125 0.3545 0.018 0.053
0 0.847 0.3535 0.018 0.053
0 0.8256666666666667 0.3525 0.019333333333333334 0.051
0 0.7103333333333334 0.349 0.015333333333333332 0.044
0 0.8026666666666666 0.351 0.017333333333333333 0.05
0 0.7336666666666667 0.347 0.016666666666666666 0.044
0 0.32866666666666666 0.291 0.016 0.046
0 0.30666666666666664 0.2915 0.016 0.047
0 0.44233333333333336 0.289 0.018 0.046
0 0.5563333333333333 0.2865 0.016666666666666666 0.043
0 0.5126666666666667 0.2865 0.012 0.043
0 0.5786666666666667 0.2865 0.017333333333333333 0.045
0 0.3506666666666667 0.285 0.016 0.044
0 0.12333333333333334 0.2885 0.021333333333333333 0.051
0 0.8246666666666667 0.2795 0.017333333333333333 0.037
0 0.8016666666666666 0.285 0.016666666666666666 0.048
0 0.7566666666666667 0.2835 0.016 0.045
0 0.6263333333333333 0.2855 0.014 0.049
0 0.6483333333333333 0.2845 0.012666666666666666 0.049
0 0.23733333333333334 0.2855 0.017333333333333333 0.051
0 0.78 0.283 0.017333333333333333 0.048
0 0.733 0.282 0.015333333333333332 0.046
0 0.6046666666666667 0.2825 0.016 0.047
0 0.103 0.286 0.015333333333333332 0.054
0 0.7096666666666667 0.2815 0.014 0.047
0 0.14733333333333334 0.2805 0.017333333333333333 0.045
0 0.168 0.2805 0.02 0.051
0 0.10366666666666667 0.226 0.018 0.04
0 0.6036666666666667 0.221 0.014 0.042
0 0.327 0.2205 0.018 0.047
0 0.7793333333333333 0.2195 0.017333333333333333 0.053
0 0.6256666666666667 0.2175 0.012666666666666666 0.049
0 0.44233333333333336 0.216 0.016666666666666666 0.046
0 0.7566666666666667 0.2115 0.018666666666666668 0.039
0 0.647 0.2165 0.019333333333333334 0.049
0 0.581 0.2165 0.012666666666666666 0.049
0 0.30566666666666664 0.217 0.016666666666666666 0.05
0 0.216 0.2135 0.016 0.043
0 0.4196666666666667 0.209 0.016666666666666666 0.036
0 0.23766666666666666 0.214 0.018 0.046
0 0.14733333333333334 0.2175 0.018666666666666668 0.053
0 0.8476666666666667 0.2165 0.020666666666666667 0.053
0 0.8243333333333334 0.2175 0.018 0.055
0 0.17 0.216 0.018666666666666668 0.052
0 0.12466666666666666 0.217 0.018666666666666668 0.054
0 0.734 0.214 0.018666666666666668 0.05
0 0.709 0.2095 0.015333333333333332 0.041
0 0.37466666666666665 0.217 0.016 0.056
0 0.19433333333333333 0.213 0.020666666666666667 0.048
0 0.8033333333333333 0.214 0.02 0.054
0 0.756 0.1535 0.014666666666666666 0.051
0 0.5326666666666666 0.1515 0.016 0.049
0 0.624 0.1515 0.017333333333333333 0.051
0 0.5126666666666667 0.1495 0.012 0.047
0 0.779 0.1525 0.018 0.055
0 0.6483333333333333 0.151 0.014 0.052
0 0.5543333333333333 0.1495 0.019333333333333334 0.049
0 0.327 0.1515 0.019333333333333334 0.053
0 0.30533333333333335 0.151 0.018666666666666668 0.052
0 0.7113333333333334 0.15 0.018666666666666668 0.052
0 0.39766666666666667 0.1505 0.016666666666666666 0.053
0 0.37466666666666665 0.152 0.017333333333333333 0.056
0 0.5776666666666667 0.1485 0.019333333333333334 0.051
0 0.3516666666666667 0.149 0.016666666666666666 0.052
0 0.733 0.1495 0.016666666666666666 0.057
0 0.44366666666666665 0.146 0.015333333333333332 0.05
0 0.42033333333333334 0.144 0.015333333333333332 0.046
0 0.8236666666666667 0.1465 0.018 0.053
0 0.802 0.149 0.02 0.058
0 0.39766666666666667 0.092 0.016666666666666666 0.038
0 0.5553333333333333 0.0905 0.018666666666666668 0.037
0 0.30566666666666664 0.0865 0.018 0.055
0 0.508 0.0845 0.02266666666666667 0.053
0 0.5356666666666666 0.0825 0.012666666666666666 0.051
0 0.3263333333333333 0.084 0.019333333333333334 0.056
0 0.8253333333333334 0.0845 0.02266666666666667 0.059
0 0.648 0.0815 0.013333333333333334 0.053
0 0.42033333333333334 0.082 0.016666666666666666 0.056
0 0.37433333333333335 0.0815 0.016666666666666666 0.055
0 0.44333333333333336 0.077 0.016 0.05
0 0.351 0.081 0.016666666666666666 0.058
0 0.8463333333333334 0.0735 0.019333333333333334 0.047
0 0.19277777777777777 0.28375 0.02 0.0425
0 0.4672222222222222 0.14083333333333334 0.02 0.0425
0 0.44277777777777777 0.42 0.02 0.0425
0 0.2627777777777778 0.4191666666666667 0.02 0.0425
0 0.4688888888888889 0.08 0.02 0.0425
0 0.19555555555555557 0.84 0.02 0.0425
0 0.2627777777777778 0.27666666666666667 0.02 0.0425
0 0.10333333333333333 0.77 0.02 0.0425
0 0.26611111111111113 0.7716666666666666 0.02 0.0425
0 0.26055555555555554 0.3516666666666667 0.02 0.0425
0 0.42277777777777775 0.7025 0.02 0.0425
0 0.46944444444444444 0.6341666666666667 0.02 0.0425
0 0.42055555555555557 0.495 0.02 0.0425
0 0.46944444444444444 0.2825 0.02 0.0425
0 0.17055555555555554 0.7716666666666666 0.02 0.0425
0 0.21555555555555556 0.2775 0.02 0.0425
0 0.2611111111111111 0.49166666666666664 0.02 0.0425
0 0.10166666666666667 0.7016666666666667 0.02 0.0425
0 0.21722222222222223 0.6316666666666667 0.02 0.0425
0 0.4677777777777778 0.775 0.02 0.0425
0 0.4638888888888889 0.705 0.02 0.0425
0 0.2388888888888889 0.77 0.02 0.0425
0 0.46555555555555556 0.3475 0.02 0.0425
0 0.47055555555555556 0.8425 0.02 0.0425
0 0.42277777777777775 0.6383333333333333 0.02 0.0425
0 0.4444444444444444 0.4925 0.02 0.0425
0 0.23722222222222222 0.4175 0.02 0.0425
0 0.465 0.21583333333333332 0.02 0.0425
0 0.26055555555555554 0.20916666666666667 0.02 0.0425
0 0.10055555555555555 0.6325 0.02 0.0425
0 0.44555555555555554 0.6375 0.02 0.0425
0 0.4661111111111111 0.4875 0.02 0.0425
0 0.44666666666666666 0.7033333333333334 0.02 0.0425
0 0.445 0.7725 0.02 0.0425
0 0.2644444444444444 0.91 0.02 0.0425
0 0.4688888888888889 0.5591666666666667 0.02 0.0425
0 0.16944444444444445 0.84 0.02 0.0425
0 0.35333333333333333 0.9116666666666666 0.02 0.0425
0 0.4722222222222222 0.9125 0.02 0.0425
0 0.2627777777777778 0.635 0.02 0.0425
0 0.4477777777777778 0.8383333333333334 0.02 0.0425
0 0.46444444444444444 0.4175 0.02 0.0425
0 0.5055555555555555 0.21666666666666667 0.02 0.0425
0 0.5583333333333333 0.6258333333333334 0.02 0.0425
0 0.6011111111111112 0.8366666666666667 0.02 0.0425
0 0.65 0.5583333333333333 0.02 0.0425
0 0.5311111111111111 0.2841666666666667 0.02 0.0425
0 0.37555555555555553 0.285 0.02 0.0425
0 0.42388888888888887 0.2891666666666667 0.02 0.0425
0 0.4444444444444444 0.355 0.02 0.0425
0 0.375 0.5591666666666667 0.02 0.0425
0 0.5516666666666666 0.41833333333333333 0.02 0.0425
0 0.595 0.08583333333333333 0.02 0.0425
0 0.67 0.42 0.02 0.0425
0 0.6511111111111111 0.7666666666666667 0.02 0.0425
0 0.3788888888888889 0.7725 0.02 0.0425
0 0.6661111111111111 0.28583333333333333 0.02 0.0425
0 0.5538888888888889 0.6991666666666667 0.02 0.0425
0 0.6733333333333333 0.48833333333333334 0.02 0.0425
0 0.3055555555555556 0.6975 0.02 0.0425
0 0.6694444444444444 0.9025 0.02 0.0425
0 0.5533333333333333 0.8358333333333333 0.02 0.0425
0 0.6733333333333333 0.835 0.02 0.0425
0 0.5761111111111111 0.07833333333333334 0.02 0.0425
0 0.6244444444444445 0.8366666666666667 0.02 0.0425
0 0.6733333333333333 0.6266666666666667 0.02 0.0425
0 0.3977777777777778 0.285 0.02 0.0425
0 0.3522222222222222 0.21916666666666668 0.02 0.0425
0 0.5288888888888889 0.21583333333333332 0.02 0.0425
0 0.5538888888888889 0.2175 0.02 0.0425
0 0.6666666666666666 0.215 0.02 0.0425
0 0.5333333333333333 0.6366666666666667 0.02 0.0425
0 0.6022222222222222 0.6216666666666667 0.02 0.0425
0 0.5766666666666667 0.9066666666666666 0.02 0.0425
0 0.5983333333333334 0.49166666666666664 0.02 0.0425
0 0.2644444444444444 0.5591666666666667 0.02 0.0425
0 0.6711111111111111 0.5558333333333333 0.02 0.0425
0 0.3972222222222222 0.21166666666666667 0.02 0.0425
0 0.5077777777777778 0.7025 0.02 0.0425
0 0.3983333333333333 0.49583333333333335 0.02 0.0425
0 0.5288888888888889 0.42583333333333334 0.02 0.0425
0 0.6205555555555555 0.0825 0.02 0.0425
0 0.35777777777777775 0.6316666666666667 0.02 0.0425
0 0.5994444444444444 0.14666666666666667 0.02 0.0425
0 0.5805555555555556 0.6941666666666667 0.02 0.0425
0 0.575 0.835 0.02 0.0425
0 0.6688888888888889 0.15083333333333335 0.02 0.0425
0 0.665 0.3491666666666667 0.02 0.0425
0 0.5055555555555555 0.5675 0.02 0.0425
0 0.5794444444444444 0.49166666666666664 0.02 0.0425
0 0.3522222222222222 0.42833333333333334 0.02 0.0425
0 0.3988888888888889 0.42916666666666664 0.02 0.0425
0 0.6672222222222223 0.07666666666666666 0.02 0.0425
0 0.5333333333333333 0.6916666666666667 0.02 0.0425
0 0.6716666666666666 0.7675 0.02 0.0425
0 0.5316666666666666 0.9058333333333334 0.02 0.0425
0 0.5083333333333333 0.42583333333333334 0.02 0.0425
0 0.5572222222222222 0.905 0.02 0.0425
0 0.6727777777777778 0.6933333333333334 0.02 0.0425
0 0.8666666666666667 0.3541666666666667 0.02 0.0425
0 0.8672222222222222 0.21333333333333335 0.02 0.0425
0 0.8433333333333334 0.15333333333333332 0.02 0.0425
0 0.8688888888888889 0.49583333333333335 0.02 0.0425
0 0.7094444444444444 0.08416666666666667 0.02 0.0425
0 0.8666666666666667 0.15166666666666667 0.02 0.0425
0 0.7761111111111111 0.0825 0.02 0.0425
0 0.8688888888888889 0.9083333333333333 0.02 0.0425
0 0.8688888888888889 0.6883333333333334 0.02 0.0425
0 0.8022222222222222 0.08416666666666667 0.02 0.0425
0 0.8677777777777778 0.425 0.02 0.0425
0 0.735 0.085 0.02 0.0425
0 0.8688888888888889 0.08083333333333333 0.02 0.0425
0 0.8677777777777778 0.8341666666666666 0.02 0.0425
0 0.8716666666666667 0.5625 0.02 0.0425
0 0.7544444444444445 0.0825 0.02 0.0425
0 0.8688888888888889 0.7716666666666666 0.02 0.0425
0 0.8722222222222222 0.6333333333333333 0.02 0.0425
0 0.8677777777777778 0.2866666666666667 0.02 0.0425
0 0.8022222222222222 0.6258333333333334 0.02 0.0425
0 0.7061111111111111 0.4191666666666667 0.02 0.0425
0 0.7494444444444445 0.8358333333333333 0.02 0.0425
0 0.8438888888888889 0.28 0.02 0.0425
0 0.7772222222222223 0.42 0.02 0.0425
0 0.7727777777777778 0.7616666666666667 0.02 0.0425
0 0.8472222222222222 0.6925 0.02 0.0425
0 0.7522222222222222 0.7641666666666667 0.02 0.0425
0 0.8483333333333334 0.4891666666666667 0.02 0.0425
0 0.7277777777777777 0.42083333333333334 0.02 0.0425
0 0.7566666666666667 0.5541666666666667 0.02 0.0425
0 0.7283333333333334 0.83 0.02 0.0425
0 0.705 0.5575 0.02 0.0425
0 0.7055555555555556 0.8358333333333333 0.02 0.0425
0 0.7966666666666666 0.7625 0.02 0.0425
0 0.8222222222222222 0.6233333333333333 0.02 0.0425
0 0.7533333333333333 0.6275 0.02 0.0425
