0 0.4633333333333333 0.8985 0.018666666666666668 0.039
0 0.43366666666666664 0.8945 0.019333333333333334 0.045
0 0.5746666666666667 0.892 0.021333333333333333 0.042
0 0.5276666666666666 0.8905 0.016666666666666666 0.039
0 0.6676666666666666 0.8905 0.022 0.047
0 0.6456666666666667 0.8895 0.022 0.045
0 0.5033333333333333 0.888 0.02 0.042
0 0.5526666666666666 0.887 0.021333333333333333 0.042
0 0.599 0.8845 0.020666666666666667 0.041
0 0.6233333333333333 0.884 0.02266666666666667 0.044
0 0.4093333333333333 0.885 0.025333333333333333 0.046
0 0.38133333333333336 0.885 0.02266666666666667 0.05
0 0.357 0.8865 0.026 0.053
0 0.30466666666666664 0.884 0.025333333333333333 0.052
0 0.331 0.8795 0.023333333333333334 0.047
0 0.21066666666666667 0.8795 0.024 0.047
0 0.27 0.877 0.02266666666666667 0.046
0 0.189 0.877 0.024666666666666667 0.048
0 0.141 0.8755 0.026 0.049
0 0.16333333333333333 0.873 0.025333333333333333 0.048
0 0.099 0.8725 0.024666666666666667 0.049
0 0.122 0.872 0.025333333333333333 0.05
0 0.7236666666666667 0.8165 0.020666666666666667 0.043
0 0.6183333333333333 0.815 0.020666666666666667 0.042
0 0.8653333333333333 0.815 0.02266666666666667 0.044
0 0.8213333333333334 0.815 0.021333333333333333 0.044
0 0.7756666666666666 0.816 0.024666666666666667 0.048
0 0.746 0.815 0.024 0.046
0 0.7006666666666667 0.8165 0.021333333333333333 0.049
0 0.5006666666666667 0.814 0.021333333333333333 0.044
0 0.642 0.8125 0.021333333333333333 0.043
0 0.5483333333333333 0.8115 0.020666666666666667 0.041
0 0.527 0.8115 0.020666666666666667 0.041
0 0.8423333333333334 0.812 0.020666666666666667 0.044
0 0.7966666666666666 0.813 0.024 0.048
0 0.575 0.808 0.016666666666666666 0.038
0 0.6686666666666666 0.807 0.02 0.042
0 0.5956666666666667 0.801 0.015333333333333332 0.038
0 0.38333333333333336 0.8015 0.024 0.051
0 0.3303333333333333 0.8025 0.026 0.053
0 0.3016666666666667 0.796 0.019333333333333334 0.04
0 0.35733333333333334 0.8 0.025333333333333333 0.05
0 0.4106666666666667 0.798 0.024 0.05
0 0.466 0.7945 0.025333333333333333 0.047
0 0.43833333333333335 0.7965 0.026 0.051
0 0.18933333333333333 0.7875 0.021333333333333333 0.041
0 0.21333333333333335 0.791 0.025333333333333333 0.052
0 0.119 0.784 0.023333333333333334 0.044
0 0.253 0.787 0.027333333333333334 0.052
0 0.23333333333333334 0.7845 0.025333333333333333 0.047
0 0.165 0.7815 0.024666666666666667 0.047
0 0.141 0.783 0.024666666666666667 0.05
0 0.09966666666666667 0.771 0.026 0.048
0 0.8453333333333334 0.746 0.018666666666666668 0.042
0 0.82 0.747 0.021333333333333333 0.044
0 0.7973333333333333 0.7475 0.02266666666666667 0.045
0 0.7733333333333333 0.747 0.021333333333333333 0.044
0 0.7503333333333333 0.748 0.023333333333333334 0.048
0 0.7276666666666667 0.7455 0.020666666666666667 0.043
0 0.7006666666666667 0.7435 0.018666666666666668 0.041
0 0.5256666666666666 0.7425 0.020666666666666667 0.043
0 0.644 0.7405 0.021333333333333333 0.043
0 0.6196666666666667 0.742 0.023333333333333334 0.046
0 0.5976666666666667 0.741 0.022 0.044
0 0.6653333333333333 0.738 0.021333333333333333 0.04
0 0.5756666666666667 0.739 0.019333333333333334 0.042
0 0.5503333333333333 0.7375 0.023333333333333334 0.045
0 0.866 0.739 0.02266666666666667 0.056
0 0.4686666666666667 0.7175 0.018666666666666668 0.037
0 0.437 0.7175 0.011333333333333334 0.037
0 0.4053333333333333 0.718 0.016 0.038
0 0.324 0.7165 0.017333333333333333 0.039
0 0.35033333333333333 0.7195 0.020666666666666667 0.047
0 0.301 0.7125 0.019333333333333334 0.039
0 0.37966666666666665 0.712 0.018 0.04
0 0.24766666666666667 0.7055 0.026 0.053
0 0.16166666666666665 0.7035 0.027333333333333334 0.051
0 0.228 0.701 0.024 0.048
0 0.18266666666666667 0.7005 0.025333333333333333 0.051
0 0.13866666666666666 0.701 0.02666666666666667 0.052
0 0.20566666666666666 0.699 0.024666666666666667 0.05
0 0.27066666666666667 0.6985 0.025333333333333333 0.051
0 0.094 0.6965 0.025333333333333333 0.049
0 0.11666666666666667 0.697 0.025333333333333333 0.052
0 0.746 0.672 0.017333333333333333 0.038
0 0.6993333333333334 0.6725 0.02 0.041
0 0.7923333333333333 0.672 0.020666666666666667 0.042
0 0.8166666666666667 0.6715 0.021333333333333333 0.043
0 0.7703333333333333 0.6705 0.018 0.041
0 0.7233333333333334 0.6695 0.018666666666666668 0.041
0 0.5966666666666667 0.6705 0.021333333333333333 0.043
0 0.5463333333333333 0.67 0.020666666666666667 0.042
0 0.6206666666666667 0.669 0.02 0.042
0 0.5213333333333333 0.6685 0.021333333333333333 0.041
0 0.841 0.668 0.020666666666666667 0.042
0 0.8636666666666667 0.6655 0.016666666666666666 0.039
0 0.6683333333333333 0.6665 0.022 0.045
0 0.5706666666666667 0.6625 0.02 0.043
0 0.30133333333333334 0.64 0.025333333333333333 0.05
0 0.35 0.632 0.017333333333333333 0.038
0 0.401 0.633 0.019333333333333334 0.042
0 0.3273333333333333 0.6315 0.017333333333333333 0.039
0 0.47433333333333333 0.6315 0.019333333333333334 0.041
0 0.45166666666666666 0.6325 0.018 0.043
0 0.37666666666666665 0.632 0.017333333333333333 0.042
0 0.427 0.629 0.018 0.038
0 0.2683333333333333 0.617 0.026 0.048
0 0.248 0.617 0.02666666666666667 0.052
0 0.18366666666666667 0.615 0.024666666666666667 0.054
0 0.22633333333333333 0.614 0.027333333333333334 0.054
0 0.204 0.613 0.025333333333333333 0.052
0 0.15933333333333333 0.6105 0.02666666666666667 0.051
0 0.138 0.6075 0.025333333333333333 0.053
0 0.6986666666666667 0.6 0.021333333333333333 0.042
0 0.5946666666666667 0.598 0.018666666666666668 0.04
0 0.5696666666666667 0.599 0.020666666666666667 0.042
0 0.793 0.599 0.023333333333333334 0.044
0 0.7706666666666667 0.5975 0.02 0.041
0 0.746 0.5975 0.021333333333333333 0.043
0 0.6423333333333333 0.5965 0.019333333333333334 0.041
0 0.7223333333333334 0.596 0.020666666666666667 0.042
0 0.669 0.599 0.022 0.048
0 0.619 0.596 0.020666666666666667 0.042
0 0.5483333333333333 0.5955 0.020666666666666667 0.041
0 0.525 0.5955 0.019333333333333334 0.041
0 0.8406666666666667 0.5935 0.02 0.041
0 0.8196666666666667 0.5935 0.019333333333333334 0.041
0 0.49866666666666665 0.592 0.017333333333333333 0.038
0 0.8656666666666667 0.5915 0.019333333333333334 0.041
0 0.4726666666666667 0.555 0.025333333333333333 0.046
0 0.43233333333333335 0.5505 0.022 0.043
0 0.367 0.551 0.024666666666666667 0.046
0 0.4073333333333333 0.5505 0.025333333333333333 0.047
0 0.452 0.5485 0.024 0.045
0 0.3453333333333333 0.551 0.02666666666666667 0.05
0 0.3016666666666667 0.5505 0.027333333333333334 0.051
0 0.32166666666666666 0.5465 0.024666666666666667 0.047
0 0.7473333333333333 0.528 0.017333333333333333 0.038
0 0.77 0.526 0.018666666666666668 0.04
0 0.7223333333333334 0.527 0.020666666666666667 0.042
0 0.6986666666666667 0.5275 0.021333333333333333 0.043
0 0.642 0.5255 0.018666666666666668 0.041
0 0.5706666666666667 0.525 0.018666666666666668 0.04
0 0.6676666666666666 0.5235 0.016666666666666666 0.039
0 0.139 0.525 0.020666666666666667 0.042
0 0.8633333333333333 0.524 0.021333333333333333 0.042
0 0.595 0.5235 0.019333333333333334 0.041
0 0.8403333333333334 0.5225 0.020666666666666667 0.041
0 0.8173333333333334 0.524 0.02266666666666667 0.044
0 0.796 0.5235 0.02 0.043
0 0.62 0.5225 0.018666666666666668 0.041
0 0.5476666666666666 0.522 0.020666666666666667 0.042
0 0.5226666666666666 0.5205 0.021333333333333333 0.043
0 0.24633333333333332 0.52 0.023333333333333334 0.044
0 0.267 0.5225 0.024666666666666667 0.053
0 0.22666666666666666 0.517 0.02266666666666667 0.042
0 0.18066666666666667 0.517 0.024 0.046
0 0.159 0.518 0.023333333333333334 0.052
0 0.09133333333333334 0.5155 0.02266666666666667 0.047
0 0.113 0.513 0.023333333333333334 0.046
0 0.20466666666666666 0.5135 0.025333333333333333 0.049
0 0.875 0.487 0.015333333333333332 0.04
0 0.7676666666666667 0.4585 0.022 0.043
0 0.383 0.4585 0.019333333333333334 0.043
0 0.4483333333333333 0.4605 0.024666666666666667 0.049
0 0.42766666666666664 0.4585 0.023333333333333334 0.045
0 0.3426666666666667 0.456 0.021333333333333333 0.04
0 0.2986666666666667 0.4595 0.024 0.047
0 0.7236666666666667 0.456 0.020666666666666667 0.042
0 0.7003333333333334 0.4565 0.020666666666666667 0.043
0 0.4676666666666667 0.4565 0.023333333333333334 0.045
0 0.36333333333333334 0.4575 0.02266666666666667 0.047
0 0.8173333333333334 0.4535 0.02 0.041
0 0.792 0.453 0.02 0.04
0 0.7453333333333333 0.453 0.018666666666666668 0.04
0 0.5943333333333334 0.4545 0.022 0.043
0 0.4033333333333333 0.457 0.025333333333333333 0.048
0 0.8623333333333333 0.4545 0.023333333333333334 0.045
0 0.642 0.453 0.018666666666666668 0.042
0 0.84 0.452 0.021333333333333333 0.042
0 0.6186666666666667 0.452 0.02 0.042
0 0.6673333333333333 0.452 0.021333333333333333 0.044
0 0.5713333333333334 0.4525 0.021333333333333333 0.045
0 0.5486666666666666 0.452 0.021333333333333333 0.044
0 0.49733333333333335 0.4485 0.017333333333333333 0.039
0 0.523 0.4475 0.022 0.043
0 0.17066666666666666 0.4385 0.02266666666666667 0.045
0 0.19233333333333333 0.4385 0.024666666666666667 0.047
0 0.23766666666666666 0.4365 0.023333333333333334 0.047
0 0.11966666666666667 0.4335 0.024666666666666667 0.045
0 0.21433333333333332 0.4325 0.022 0.047
0 0.262 0.4345 0.025333333333333333 0.053
0 0.146 0.434 0.025333333333333333 0.052
0 0.09866666666666667 0.434 0.025333333333333333 0.052
0 0.8176666666666667 0.384 0.022 0.042
0 0.8396666666666667 0.383 0.020666666666666667 0.042
0 0.745 0.383 0.019333333333333334 0.042
0 0.865 0.3825 0.022 0.043
0 0.7943333333333333 0.383 0.020666666666666667 0.044
0 0.7716666666666666 0.3845 0.023333333333333334 0.047
0 0.6976666666666667 0.3825 0.022 0.043
0 0.6663333333333333 0.381 0.020666666666666667 0.042
0 0.5466666666666666 0.3795 0.02 0.041
0 0.6206666666666667 0.378 0.02 0.04
0 0.7223333333333334 0.3795 0.022 0.045
0 0.5946666666666667 0.3785 0.021333333333333333 0.043
0 0.5236666666666666 0.378 0.020666666666666667 0.042
0 0.6436666666666667 0.3785 0.022 0.045
0 0.5703333333333334 0.376 0.020666666666666667 0.042
0 0.45 0.375 0.025333333333333333 0.05
0 0.409 0.3725 0.024666666666666667 0.047
0 0.36866666666666664 0.3715 0.021333333333333333 0.045
0 0.323 0.37 0.022 0.044
0 0.38666666666666666 0.369 0.024 0.044
0 0.3453333333333333 0.372 0.024 0.05
0 0.301 0.371 0.026 0.052
0 0.42933333333333334 0.366 0.02266666666666667 0.044
0 0.4686666666666667 0.367 0.024 0.048
0 0.09766666666666667 0.3635 0.020666666666666667 0.043
0 0.237 0.3625 0.023333333333333334 0.043
0 0.265 0.3615 0.019333333333333334 0.043
0 0.12033333333333333 0.362 0.023333333333333334 0.044
0 0.21433333333333332 0.36 0.020666666666666667 0.042
0 0.19066666666666668 0.3635 0.024 0.049
0 0.16666666666666666 0.3605 0.02266666666666667 0.047
0 0.143 0.3595 0.022 0.045
0 0.8166666666666667 0.315 0.021333333333333333 0.044
0 0.793 0.3135 0.020666666666666667 0.043
0 0.8616666666666667 0.312 0.020666666666666667 0.042
0 0.84 0.312 0.021333333333333333 0.042
0 0.7226666666666667 0.311 0.018666666666666668 0.04
0 0.6993333333333334 0.3115 0.017333333333333333 0.041
0 0.571 0.311 0.020666666666666667 0.042
0 0.7693333333333333 0.311 0.02266666666666667 0.044
0 0.746 0.3115 0.021333333333333333 0.045
0 0.5946666666666667 0.309 0.02266666666666667 0.044
0 0.6673333333333333 0.3075 0.02 0.043
0 0.6433333333333333 0.307 0.02 0.042
0 0.6186666666666667 0.3055 0.017333333333333333 0.039
0 0.5223333333333333 0.3045 0.019333333333333334 0.041
0 0.5456666666666666 0.304 0.020666666666666667 0.042
0 0.121 0.2955 0.016666666666666666 0.039
0 0.191 0.294 0.023333333333333334 0.046
0 0.14433333333333334 0.2895 0.011333333333333334 0.037
0 0.21333333333333335 0.2955 0.025333333333333333 0.051
0 0.09733333333333333 0.29 0.017333333333333333 0.04
0 0.16733333333333333 0.2925 0.024 0.049
0 0.2653333333333333 0.281 0.014666666666666666 0.038
0 0.38666666666666666 0.28 0.02266666666666667 0.044
0 0.2986666666666667 0.2805 0.021333333333333333 0.045
0 0.4713333333333333 0.2795 0.025333333333333333 0.047
0 0.45 0.278 0.024 0.046
0 0.4046666666666667 0.277 0.024 0.046
0 0.431 0.2765 0.023333333333333334 0.047
0 0.36333333333333334 0.277 0.024 0.048
0 0.6973333333333334 0.2415 0.018666666666666668 0.039
0 0.7223333333333334 0.242 0.020666666666666667 0.042
0 0.862 0.241 0.02 0.042
0 0.7923333333333333 0.2405 0.019333333333333334 0.041
0 0.7676666666666667 0.24 0.019333333333333334 0.04
0 0.6673333333333333 0.2415 0.021333333333333333 0.043
0 0.8406666666666667 0.2395 0.02 0.041
0 0.8146666666666667 0.2415 0.02266666666666667 0.045
0 0.6223333333333333 0.2375 0.020666666666666667 0.043
0 0.596 0.238 0.021333333333333333 0.044
0 0.5713333333333334 0.2385 0.02266666666666667 0.045
0 0.52 0.2375 0.021333333333333333 0.043
0 0.744 0.2385 0.021333333333333333 0.047
0 0.6446666666666667 0.236 0.02 0.042
0 0.548 0.2325 0.02 0.041
0 0.09766666666666667 0.2215 0.019333333333333334 0.041
0 0.194 0.2175 0.018666666666666668 0.041
0 0.11866666666666667 0.2165 0.016 0.039
0 0.268 0.219 0.021333333333333333 0.046
0 0.21666666666666667 0.216 0.018666666666666668 0.042
0 0.24266666666666667 0.2155 0.02 0.043
0 0.16766666666666666 0.216 0.020666666666666667 0.044
0 0.14633333333333334 0.216 0.020666666666666667 0.044
0 0.32033333333333336 0.195 0.024666666666666667 0.046
0 0.36433333333333334 0.1925 0.026 0.047
0 0.4076666666666667 0.189 0.023333333333333334 0.044
0 0.43066666666666664 0.189 0.025333333333333333 0.048
0 0.386 0.1915 0.025333333333333333 0.053
0 0.343 0.189 0.024666666666666667 0.048
0 0.29533333333333334 0.187 0.024 0.046
0 0.47433333333333333 0.1865 0.023333333333333334 0.049
0 0.4513333333333333 0.1875 0.025333333333333333 0.051
0 0.8613333333333333 0.1695 0.021333333333333333 0.043
0 0.6173333333333333 0.169 0.02 0.042
0 0.8373333333333334 0.1675 0.02 0.043
0 0.7463333333333333 0.167 0.022 0.042
0 0.6976666666666667 0.167 0.022 0.044
0 0.594 0.1685 0.024 0.047
0 0.8133333333333334 0.166 0.021333333333333333 0.044
0 0.7886666666666666 0.1655 0.018666666666666668 0.043
0 0.7703333333333333 0.1655 0.019333333333333334 0.043
0 0.7206666666666667 0.166 0.02266666666666667 0.044
0 0.5703333333333334 0.1645 0.022 0.043
0 0.545 0.165 0.020666666666666667 0.044
0 0.6673333333333333 0.165 0.02266666666666667 0.046
0 0.52 0.165 0.021333333333333333 0.046
0 0.642 0.166 0.024 0.05
0 0.31433333333333335 0.107 0.020666666666666667 0.042
0 0.3333333333333333 0.1045 0.02266666666666667 0.045
0 0.44766666666666666 0.1005 0.023333333333333334 0.043
0 0.4043333333333333 0.104 0.026 0.05
0 0.37833333333333335 0.1035 0.023333333333333334 0.051
0 0.35833333333333334 0.1015 0.024666666666666667 0.047
0 0.293 0.103 0.024666666666666667 0.05
0 0.72 0.096 0.017333333333333333 0.04
0 0.696 0.0985 0.02266666666666667 0.045
0 0.4696666666666667 0.0995 0.024666666666666667 0.047
0 0.859 0.0975 0.022 0.045
0 0.5023333333333333 0.0965 0.020666666666666667 0.043
0 0.8353333333333334 0.0955 0.02 0.043
0 0.79 0.096 0.021333333333333333 0.044
0 0.764 0.0945 0.018666666666666668 0.041
0 0.7423333333333333 0.094 0.020666666666666667 0.04
0 0.8093333333333333 0.0965 0.02266666666666667 0.047
0 0.5963333333333334 0.095 0.020666666666666667 0.044
0 0.547 0.095 0.020666666666666667 0.044
0 0.5253333333333333 0.094 0.018666666666666668 0.042
0 0.6436666666666667 0.0945 0.020666666666666667 0.045
0 0.5716666666666667 0.0945 0.020666666666666667 0.045
0 0.426 0.097 0.025333333333333333 0.05
0 0.6676666666666666 0.0935 0.022 0.047
0 0.62 0.0925 0.021333333333333333 0.047
0 0.3213888888888889 0.2775 0.026111111111111113 0.041666666666666664
0 0.49694444444444447 0.23666666666666666 0.018333333333333333 0.035
0 0.49777777777777776 0.6695833333333333 0.02 0.0375
0 0.6461111111111111 0.66625 0.01888888888888889 0.0325
0 0.24888888888888888 0.8808333333333334 0.015555555555555555 0.045
0 0.49666666666666665 0.30416666666666664 0.02 0.03833333333333333
0 0.4963888888888889 0.16583333333333333 0.019444444444444445 0.04
0 0.23166666666666666 0.8754166666666666 0.01888888888888889 0.0425
0 0.5011111111111111 0.7416666666666667 0.02 0.043333333333333335
0 0.49833333333333335 0.525 0.01888888888888889 0.04
0 0.34055555555555556 0.27875 0.02 0.050833333333333335
0 0.49583333333333335 0.37875 0.01611111111111111 0.03916666666666667
0 0.09527777777777778 0.60375 0.021666666666666667 0.0575
0 0.115 0.6029166666666667 0.017777777777777778 0.049166666666666664
