0 0.36933333333333335 0.891 0.016 0.04
0 0.2976666666666667 0.8875 0.011333333333333334 0.033
0 0.43833333333333335 0.887 0.012666666666666666 0.036
0 0.6646666666666666 0.8875 0.014666666666666666 0.039
0 0.343 0.887 0.014 0.038
0 0.3923333333333333 0.887 0.014 0.04
0 0.11633333333333333 0.8845 0.014 0.039
0 0.5233333333333333 0.881 0.012 0.034
0 0.502 0.8815 0.012 0.035
0 0.41633333333333333 0.8825 0.014 0.037
0 0.256 0.881 0.012 0.034
0 0.137 0.884 0.014 0.04
0 0.462 0.883 0.012 0.04
0 0.23333333333333334 0.8805 0.013333333333333334 0.035
0 0.164 0.8815 0.013333333333333334 0.037
0 0.09133333333333334 0.8825 0.014666666666666666 0.039
0 0.31966666666666665 0.883 0.015333333333333332 0.042
0 0.7743333333333333 0.879 0.014 0.036
0 0.18666666666666668 0.8775 0.012 0.033
0 0.21 0.879 0.014666666666666666 0.038
0 0.842 0.875 0.013333333333333334 0.032
0 0.636 0.878 0.013333333333333334 0.038
0 0.5906666666666667 0.8785 0.014666666666666666 0.039
0 0.546 0.8785 0.014666666666666666 0.039
0 0.749 0.876 0.014 0.036
0 0.6163333333333333 0.8765 0.014 0.039
0 0.5686666666666667 0.8775 0.017333333333333333 0.043
0 0.8186666666666667 0.873 0.013333333333333334 0.038
0 0.7963333333333333 0.873 0.015333333333333332 0.038
0 0.863 0.8705 0.014 0.037
0 0.706 0.872 0.014666666666666666 0.042
0 0.7226666666666667 0.8685 0.014666666666666666 0.039
0 0.29933333333333334 0.8185 0.012 0.031
0 0.3443333333333333 0.8165 0.011333333333333334 0.031
0 0.115 0.8185 0.014 0.035
0 0.417 0.816 0.012666666666666666 0.036
0 0.392 0.8165 0.013333333333333334 0.037
0 0.368 0.814 0.010666666666666666 0.036
0 0.14 0.8135 0.013333333333333334 0.035
0 0.5243333333333333 0.8115 0.01 0.033
0 0.49966666666666665 0.8135 0.018 0.037
0 0.23033333333333333 0.8155 0.014 0.041
0 0.093 0.8155 0.016666666666666666 0.041
0 0.46166666666666667 0.8145 0.015333333333333332 0.041
0 0.44066666666666665 0.8125 0.013333333333333334 0.037
0 0.21033333333333334 0.811 0.012666666666666666 0.034
0 0.18633333333333332 0.811 0.012666666666666666 0.034
0 0.6153333333333333 0.8115 0.013333333333333334 0.037
0 0.5923333333333334 0.8115 0.015333333333333332 0.037
0 0.549 0.812 0.015333333333333332 0.04
0 0.31933333333333336 0.812 0.014666666666666666 0.04
0 0.25466666666666665 0.809 0.013333333333333334 0.036
0 0.16433333333333333 0.8105 0.014 0.039
0 0.7253333333333334 0.809 0.014666666666666666 0.038
0 0.6653333333333333 0.8085 0.013333333333333334 0.037
0 0.6386666666666667 0.809 0.013333333333333334 0.038
0 0.57 0.8105 0.014666666666666666 0.041
0 0.7733333333333333 0.8085 0.013333333333333334 0.039
0 0.7516666666666667 0.807 0.014 0.036
0 0.8416666666666667 0.806 0.014 0.036
0 0.705 0.808 0.014 0.04
0 0.8213333333333334 0.8055 0.012 0.037
0 0.8636666666666667 0.8045 0.015333333333333332 0.039
0 0.7983333333333333 0.804 0.014 0.038
0 0.373 0.7545 0.014 0.037
0 0.46166666666666667 0.7505 0.011333333333333334 0.035
0 0.3466666666666667 0.7515 0.013333333333333334 0.037
0 0.29733333333333334 0.75 0.010666666666666666 0.034
0 0.138 0.7505 0.012 0.035
0 0.115 0.7495 0.014 0.033
0 0.09266666666666666 0.7505 0.014666666666666666 0.037
0 0.439 0.7495 0.012666666666666666 0.037
0 0.4146666666666667 0.749 0.012 0.036
0 0.32266666666666666 0.748 0.013333333333333334 0.034
0 0.3923333333333333 0.747 0.012666666666666666 0.034
0 0.25466666666666665 0.748 0.013333333333333334 0.038
0 0.23366666666666666 0.748 0.012666666666666666 0.038
0 0.524 0.746 0.013333333333333334 0.036
0 0.16266666666666665 0.7455 0.012 0.037
0 0.639 0.745 0.012666666666666666 0.038
0 0.5923333333333334 0.7465 0.015333333333333332 0.041
0 0.49833333333333335 0.7445 0.016666666666666666 0.037
0 0.6633333333333333 0.742 0.013333333333333334 0.034
0 0.18566666666666667 0.745 0.014 0.04
0 0.6136666666666667 0.7445 0.015333333333333332 0.041
0 0.5713333333333334 0.7415 0.013333333333333334 0.037
0 0.7983333333333333 0.7405 0.015333333333333332 0.037
0 0.547 0.7405 0.012666666666666666 0.037
0 0.21033333333333334 0.7415 0.012666666666666666 0.039
0 0.752 0.74 0.014666666666666666 0.038
0 0.8443333333333334 0.739 0.014 0.038
0 0.733 0.7385 0.014 0.037
0 0.8653333333333333 0.737 0.013333333333333334 0.036
0 0.778 0.7375 0.014666666666666666 0.037
0 0.708 0.737 0.013333333333333334 0.036
0 0.819 0.735 0.015333333333333332 0.04
0 0.29933333333333334 0.6895 0.010666666666666666 0.031
0 0.322 0.6875 0.013333333333333334 0.035
0 0.34833333333333333 0.6835 0.012666666666666666 0.033
0 0.11333333333333333 0.686 0.016 0.038
0 0.43633333333333335 0.683 0.011333333333333334 0.034
0 0.4613333333333333 0.6845 0.014666666666666666 0.039
0 0.393 0.682 0.011333333333333334 0.034
0 0.37066666666666664 0.6835 0.013333333333333334 0.039
0 0.09466666666666666 0.6825 0.013333333333333334 0.037
0 0.5473333333333333 0.6785 0.012 0.031
0 0.57 0.68 0.013333333333333334 0.036
0 0.417 0.6805 0.014 0.037
0 0.25733333333333336 0.6805 0.013333333333333334 0.037
0 0.23133333333333334 0.6785 0.012 0.033
0 0.16233333333333333 0.681 0.014 0.038
0 0.186 0.6805 0.013333333333333334 0.039
0 0.7773333333333333 0.6775 0.013333333333333334 0.035
0 0.5263333333333333 0.678 0.012666666666666666 0.036
0 0.212 0.68 0.013333333333333334 0.04
0 0.13766666666666666 0.68 0.014 0.04
0 0.5946666666666667 0.676 0.012 0.034
0 0.6173333333333333 0.677 0.014666666666666666 0.038
0 0.6636666666666666 0.675 0.014 0.036
0 0.643 0.6745 0.014 0.039
0 0.49866666666666665 0.6725 0.016 0.035
0 0.8226666666666667 0.672 0.016 0.038
0 0.8 0.6715 0.014666666666666666 0.037
0 0.7296666666666667 0.671 0.012666666666666666 0.036
0 0.755 0.671 0.014 0.038
0 0.8433333333333334 0.6685 0.016 0.037
0 0.8656666666666667 0.6675 0.015333333333333332 0.039
0 0.709 0.6685 0.014 0.041
0 0.11533333333333333 0.6175 0.013333333333333334 0.035
0 0.23166666666666666 0.6145 0.011333333333333334 0.031
0 0.13866666666666666 0.6165 0.013333333333333334 0.037
0 0.39 0.614 0.012 0.034
0 0.32166666666666666 0.614 0.012666666666666666 0.034
0 0.463 0.615 0.015333333333333332 0.038
0 0.36733333333333335 0.6145 0.013333333333333334 0.037
0 0.25633333333333336 0.612 0.011333333333333334 0.032
0 0.09366666666666666 0.6165 0.014 0.041
0 0.16166666666666665 0.612 0.012666666666666666 0.034
0 0.41333333333333333 0.6125 0.012 0.037
0 0.186 0.611 0.012 0.034
0 0.438 0.6105 0.012 0.035
0 0.343 0.613 0.012666666666666666 0.04
0 0.298 0.6115 0.012 0.039
0 0.20933333333333334 0.6095 0.013333333333333334 0.035
0 0.5466666666666666 0.606 0.012 0.03
0 0.49966666666666665 0.6095 0.016666666666666666 0.037
0 0.867 0.609 0.014 0.038
0 0.5256666666666666 0.6105 0.015333333333333332 0.041
0 0.8443333333333334 0.606 0.015333333333333332 0.036
0 0.7766666666666666 0.6075 0.014666666666666666 0.039
0 0.617 0.6055 0.011333333333333334 0.035
0 0.8 0.605 0.013333333333333334 0.036
0 0.5943333333333334 0.605 0.014 0.036
0 0.5696666666666667 0.605 0.012666666666666666 0.036
0 0.753 0.605 0.015333333333333332 0.038
0 0.707 0.6045 0.012666666666666666 0.037
0 0.82 0.603 0.014666666666666666 0.036
0 0.6633333333333333 0.6035 0.013333333333333334 0.037
0 0.7313333333333333 0.602 0.013333333333333334 0.036
0 0.6403333333333333 0.602 0.012666666666666666 0.036
0 0.32166666666666666 0.55 0.012666666666666666 0.034
0 0.29933333333333334 0.5485 0.012 0.033
0 0.18566666666666667 0.5475 0.012666666666666666 0.031
0 0.09266666666666666 0.5485 0.013333333333333334 0.033
0 0.41533333333333333 0.5465 0.012 0.033
0 0.14 0.55 0.014666666666666666 0.04
0 0.11466666666666667 0.549 0.014666666666666666 0.04
0 0.43833333333333335 0.544 0.01 0.032
0 0.25566666666666665 0.5455 0.012666666666666666 0.035
0 0.162 0.5475 0.012 0.039
0 0.392 0.544 0.012 0.034
0 0.3463333333333333 0.5445 0.012666666666666666 0.035
0 0.23066666666666666 0.546 0.013333333333333334 0.038
0 0.20966666666666667 0.5455 0.012666666666666666 0.037
0 0.642 0.544 0.012 0.036
0 0.4613333333333333 0.543 0.012 0.036
0 0.597 0.541 0.012666666666666666 0.034
0 0.5723333333333334 0.541 0.012666666666666666 0.034
0 0.7743333333333333 0.543 0.015333333333333332 0.04
0 0.7063333333333334 0.5405 0.012666666666666666 0.035
0 0.5026666666666667 0.54 0.012 0.034
0 0.37066666666666664 0.539 0.013333333333333334 0.032
0 0.73 0.54 0.013333333333333334 0.036
0 0.798 0.5395 0.014666666666666666 0.037
0 0.665 0.54 0.014 0.038
0 0.6156666666666667 0.5395 0.014 0.037
0 0.753 0.5385 0.014 0.037
0 0.525 0.539 0.012666666666666666 0.04
0 0.5476666666666666 0.531 0.01 0.026
0 0.844 0.5365 0.014666666666666666 0.039
0 0.8666666666666667 0.5345 0.014666666666666666 0.037
0 0.8213333333333334 0.5325 0.014666666666666666 0.035
0 0.16333333333333333 0.4855 0.013333333333333334 0.035
0 0.323 0.4815 0.012666666666666666 0.033
0 0.39266666666666666 0.4805 0.012 0.033
0 0.25166666666666665 0.482 0.012666666666666666 0.036
0 0.2996666666666667 0.479 0.011333333333333334 0.032
0 0.142 0.4805 0.012 0.035
0 0.44033333333333335 0.4795 0.012666666666666666 0.035
0 0.09333333333333334 0.4805 0.013333333333333334 0.037
0 0.4146666666666667 0.4775 0.012 0.033
0 0.3443333333333333 0.4795 0.012666666666666666 0.037
0 0.20866666666666667 0.4775 0.012 0.033
0 0.18566666666666667 0.4785 0.012666666666666666 0.035
0 0.36733333333333335 0.4785 0.013333333333333334 0.037
0 0.23066666666666666 0.4775 0.012 0.035
0 0.11866666666666667 0.477 0.014666666666666666 0.036
0 0.462 0.47 0.013333333333333334 0.024
0 0.7036666666666667 0.476 0.012666666666666666 0.04
0 0.5923333333333334 0.475 0.012666666666666666 0.038
0 0.6633333333333333 0.474 0.013333333333333334 0.038
0 0.499 0.4725 0.018 0.035
0 0.8223333333333334 0.472 0.014 0.036
0 0.7976666666666666 0.4725 0.015333333333333332 0.039
0 0.6426666666666667 0.4715 0.013333333333333334 0.037
0 0.5253333333333333 0.4695 0.012 0.033
0 0.754 0.4695 0.013333333333333334 0.035
0 0.617 0.4715 0.014 0.039
0 0.5713333333333334 0.472 0.014666666666666666 0.04
0 0.8696666666666667 0.469 0.014 0.036
0 0.846 0.4705 0.014666666666666666 0.039
0 0.7766666666666666 0.4695 0.014666666666666666 0.037
0 0.73 0.4695 0.013333333333333334 0.037
0 0.5453333333333333 0.4715 0.013333333333333334 0.041
0 0.233 0.4165 0.011333333333333334 0.029
0 0.14066666666666666 0.4175 0.013333333333333334 0.035
0 0.093 0.419 0.014 0.038
0 0.20966666666666667 0.4155 0.012666666666666666 0.035
0 0.39166666666666666 0.4145 0.012666666666666666 0.035
0 0.36766666666666664 0.416 0.012666666666666666 0.038
0 0.3456666666666667 0.413 0.011333333333333334 0.034
0 0.29933333333333334 0.413 0.010666666666666666 0.034
0 0.25566666666666665 0.413 0.012666666666666666 0.034
0 0.5506666666666666 0.412 0.013333333333333334 0.034
0 0.323 0.412 0.012666666666666666 0.034
0 0.186 0.413 0.013333333333333334 0.036
0 0.16366666666666665 0.415 0.014 0.04
0 0.118 0.4155 0.014666666666666666 0.041
0 0.7276666666666667 0.4105 0.012666666666666666 0.035
0 0.46166666666666667 0.4095 0.012666666666666666 0.033
0 0.841 0.41 0.014 0.036
0 0.498 0.4095 0.017333333333333333 0.035
0 0.439 0.409 0.012666666666666666 0.034
0 0.8646666666666667 0.409 0.014666666666666666 0.036
0 0.7063333333333334 0.41 0.012666666666666666 0.038
0 0.6393333333333333 0.408 0.013333333333333334 0.034
0 0.414 0.409 0.013333333333333334 0.036
0 0.82 0.408 0.014666666666666666 0.036
0 0.772 0.409 0.013333333333333334 0.038
0 0.5246666666666666 0.4075 0.013333333333333334 0.035
0 0.751 0.405 0.011333333333333334 0.032
0 0.6156666666666667 0.408 0.012666666666666666 0.04
0 0.595 0.406 0.012666666666666666 0.036
0 0.571 0.406 0.012666666666666666 0.038
0 0.7963333333333333 0.4045 0.015333333333333332 0.037
0 0.6636666666666666 0.4065 0.014 0.041
0 0.116 0.353 0.014666666666666666 0.04
0 0.324 0.3475 0.013333333333333334 0.031
0 0.2986666666666667 0.348 0.013333333333333334 0.032
0 0.25366666666666665 0.349 0.011333333333333334 0.034
0 0.095 0.3505 0.014 0.037
0 0.43933333333333335 0.3475 0.012 0.033
0 0.13866666666666666 0.3475 0.012 0.033
0 0.7516666666666667 0.3465 0.012666666666666666 0.033
0 0.415 0.3485 0.014 0.037
0 0.7296666666666667 0.3405 0.012666666666666666 0.023
0 0.391 0.3455 0.012666666666666666 0.033
0 0.3473333333333333 0.3485 0.013333333333333334 0.039
0 0.23166666666666666 0.346 0.012666666666666666 0.034
0 0.20866666666666667 0.3475 0.013333333333333334 0.039
0 0.184 0.3475 0.013333333333333334 0.039
0 0.16233333333333333 0.3475 0.014 0.039
0 0.867 0.345 0.014 0.036
0 0.843 0.3445 0.014 0.035
0 0.7076666666666667 0.3415 0.014 0.029
0 0.822 0.343 0.014666666666666666 0.034
0 0.7993333333333333 0.3385 0.014666666666666666 0.025
0 0.5966666666666667 0.3415 0.012 0.031
0 0.5746666666666667 0.344 0.016 0.036
0 0.4603333333333333 0.3425 0.012666666666666666 0.035
0 0.36933333333333335 0.341 0.013333333333333334 0.032
0 0.5493333333333333 0.34 0.010666666666666666 0.032
0 0.525 0.338 0.011333333333333334 0.03
0 0.5003333333333333 0.342 0.019333333333333334 0.038
0 0.7766666666666666 0.338 0.014666666666666666 0.032
0 0.639 0.3385 0.012666666666666666 0.035
0 0.62 0.339 0.014666666666666666 0.036
0 0.6643333333333333 0.334 0.012666666666666666 0.032
0 0.36933333333333335 0.2855 0.012 0.033
0 0.16233333333333333 0.287 0.015333333333333332 0.036
0 0.34833333333333333 0.284 0.014 0.034
0 0.23033333333333333 0.285 0.014 0.036
0 0.8656666666666667 0.279 0.014 0.026
0 0.641 0.2825 0.012666666666666666 0.033
0 0.2976666666666667 0.283 0.012666666666666666 0.034
0 0.13933333333333334 0.2835 0.016 0.035
0 0.7996666666666666 0.283 0.014 0.036
0 0.7763333333333333 0.28 0.014 0.03
0 0.32266666666666666 0.2805 0.013333333333333334 0.031
0 0.25466666666666665 0.2835 0.013333333333333334 0.037
0 0.20633333333333334 0.283 0.014 0.036
0 0.09433333333333334 0.2825 0.014 0.035
0 0.7516666666666667 0.2805 0.012666666666666666 0.033
0 0.8426666666666667 0.2785 0.014666666666666666 0.031
0 0.6626666666666666 0.281 0.016 0.038
0 0.5706666666666667 0.2765 0.012 0.029
0 0.43933333333333335 0.278 0.012 0.032
0 0.39466666666666667 0.2785 0.013333333333333334 0.033
0 0.183 0.2795 0.014 0.035
0 0.11366666666666667 0.2795 0.015333333333333332 0.035
0 0.8213333333333334 0.2765 0.014666666666666666 0.031
0 0.7073333333333334 0.2765 0.018666666666666668 0.033
0 0.5283333333333333 0.275 0.012666666666666666 0.03
0 0.46266666666666667 0.279 0.014666666666666666 0.038
0 0.5966666666666667 0.2785 0.016 0.039
0 0.5496666666666666 0.275 0.012666666666666666 0.034
0 0.5053333333333333 0.2765 0.014666666666666666 0.037
0 0.417 0.2775 0.014 0.039
0 0.729 0.2785 0.014 0.043
0 0.6203333333333333 0.2725 0.015333333333333332 0.031
0 0.574 0.222 0.012 0.034
0 0.5523333333333333 0.22 0.014 0.032
0 0.3466666666666667 0.2185 0.010666666666666666 0.029
0 0.3016666666666667 0.2175 0.014 0.029
0 0.869 0.2205 0.016666666666666666 0.037
0 0.37066666666666664 0.219 0.013333333333333334 0.034
0 0.20866666666666667 0.2205 0.013333333333333334 0.037
0 0.6416666666666667 0.217 0.012666666666666666 0.032
0 0.8443333333333334 0.2175 0.016666666666666666 0.035
0 0.618 0.216 0.013333333333333334 0.032
0 0.16266666666666665 0.217 0.013333333333333334 0.034
0 0.13666666666666666 0.2185 0.013333333333333334 0.037
0 0.663 0.2175 0.014 0.037
0 0.46266666666666667 0.2135 0.013333333333333334 0.029
0 0.4166666666666667 0.2165 0.013333333333333334 0.035
0 0.39366666666666666 0.216 0.014 0.034
0 0.25433333333333336 0.217 0.014 0.036
0 0.23133333333333334 0.2155 0.013333333333333334 0.033
0 0.096 0.216 0.014666666666666666 0.034
0 0.43866666666666665 0.215 0.013333333333333334 0.034
0 0.5256666666666666 0.214 0.011333333333333334 0.034
0 0.18733333333333332 0.216 0.014666666666666666 0.038
0 0.11633333333333333 0.2155 0.015333333333333332 0.037
0 0.749 0.2175 0.015333333333333332 0.043
0 0.322 0.212 0.016 0.034
0 0.5 0.212 0.018666666666666668 0.036
0 0.708 0.2105 0.014666666666666666 0.035
0 0.8236666666666667 0.2085 0.016666666666666666 0.033
0 0.732 0.2065 0.013333333333333334 0.033
0 0.5263333333333333 0.156 0.014 0.038
0 0.43966666666666665 0.15 0.014 0.028
0 0.416 0.153 0.014666666666666666 0.034
0 0.5723333333333334 0.151 0.014 0.034
0 0.55 0.152 0.013333333333333334 0.036
0 0.394 0.1515 0.016 0.035
0 0.8673333333333333 0.1505 0.017333333333333333 0.035
0 0.8223333333333334 0.1525 0.018 0.039
0 0.6423333333333333 0.1495 0.014 0.033
0 0.595 0.1515 0.012666666666666666 0.037
0 0.461 0.149 0.014 0.032
0 0.37133333333333335 0.148 0.013333333333333334 0.03
0 0.5076666666666667 0.151 0.015333333333333332 0.038
0 0.34933333333333333 0.149 0.014666666666666666 0.034
0 0.775 0.151 0.016666666666666666 0.04
0 0.7503333333333333 0.152 0.018 0.042
0 0.7083333333333334 0.1455 0.015333333333333332 0.029
0 0.7983333333333333 0.151 0.015333333333333332 0.042
0 0.6653333333333333 0.15 0.014666666666666666 0.04
0 0.619 0.1465 0.012666666666666666 0.035
0 0.301 0.15 0.015333333333333332 0.042
0 0.32866666666666666 0.144 0.013333333333333334 0.032
0 0.726 0.1495 0.017333333333333333 0.045
0 0.46166666666666667 0.0885 0.012666666666666666 0.031
0 0.41633333333333333 0.088 0.015333333333333332 0.034
0 0.39366666666666666 0.089 0.014 0.036
0 0.6653333333333333 0.088 0.014666666666666666 0.036
0 0.5513333333333333 0.0875 0.017333333333333333 0.035
0 0.43933333333333335 0.087 0.014666666666666666 0.034
0 0.3476666666666667 0.0855 0.014 0.031
0 0.32466666666666666 0.089 0.014666666666666666 0.038
0 0.5966666666666667 0.0875 0.014666666666666666 0.037
0 0.575 0.086 0.015333333333333332 0.034
0 0.37033333333333335 0.0865 0.014 0.035
0 0.529 0.0855 0.015333333333333332 0.035
0 0.5066666666666667 0.0845 0.016 0.033
0 0.6423333333333333 0.0845 0.014 0.035
0 0.8193333333333334 0.0855 0.014666666666666666 0.039
0 0.619 0.0835 0.015333333333333332 0.035
0 0.844 0.083 0.014666666666666666 0.036
0 0.30233333333333334 0.082 0.016666666666666666 0.034
0 0.869 0.0845 0.018 0.041
0 0.7773333333333333 0.082 0.014666666666666666 0.036
0 0.7286666666666667 0.082 0.013333333333333334 0.036
0 0.7066666666666667 0.0815 0.013333333333333334 0.035
0 0.7963333333333333 0.0835 0.014 0.041
0 0.7536666666666667 0.081 0.016666666666666666 0.04
0 0.7955555555555556 0.20958333333333334 0.017777777777777778 0.049166666666666664
0 0.8430555555555556 0.14833333333333334 0.018333333333333333 0.04
0 0.5961111111111111 0.21125 0.016666666666666666 0.035833333333333335
0 0.7808333333333334 0.21666666666666667 0.01611111111111111 0.03333333333333333
