0 0.10388888888888889 0.2970833333333333 0.016666666666666666 0.034166666666666665
0 0.8766666666666667 0.62 0.016666666666666666 0.034166666666666665
0 0.7533333333333333 0.5275 0.016666666666666666 0.034166666666666665
0 0.10277777777777777 0.7975 0.016666666666666666 0.034166666666666665
0 0.30444444444444446 0.4766666666666667 0.016666666666666666 0.034166666666666665
0 0.7055555555555556 0.6108333333333333 0.016666666666666666 0.034166666666666665
0 0.7066666666666667 0.6891666666666667 0.016666666666666666 0.034166666666666665
0 0.8577777777777778 0.6066666666666667 0.016666666666666666 0.034166666666666665
0 0.7727777777777778 0.5308333333333334 0.016666666666666666 0.034166666666666665
0 0.8033333333333333 0.5316666666666666 0.016666666666666666 0.034166666666666665
0 0.7288888888888889 0.62 0.016666666666666666 0.034166666666666665
0 0.8272222222222222 0.5308333333333334 0.016666666666666666 0.034166666666666665
0 0.10388888888888889 0.5491666666666667 0.016666666666666666 0.034166666666666665
0 0.8511111111111112 0.5325 0.016666666666666666 0.034166666666666665
0 0.30333333333333334 0.155 0.016666666666666666 0.034166666666666665
0 0.7766666666666666 0.6058333333333333 0.016666666666666666 0.034166666666666665
0 0.7138888888888889 0.5325 0.016666666666666666 0.034166666666666665
0 0.7311111111111112 0.6925 0.016666666666666666 0.034166666666666665
0 0.8716666666666667 0.5358333333333334 0.016666666666666666 0.034166666666666665
0 0.805 0.6108333333333333 0.016666666666666666 0.034166666666666665
0 0.7483333333333333 0.6058333333333333 0.016666666666666666 0.034166666666666665
0 0.7327777777777778 0.5266666666666666 0.016666666666666666 0.034166666666666665
0 0.8294444444444444 0.6066666666666667 0.016666666666666666 0.034166666666666665
0 0.7561111111111111 0.6908333333333333 0.016666666666666666 0.034166666666666665
