0 0.329 0.8695 0.008666666666666666 0.021
0 0.27366666666666667 0.866 0.011333333333333334 0.028
0 0.5006666666666667 0.8595 0.008 0.021
0 0.45166666666666666 0.8605 0.01 0.025
0 0.42966666666666664 0.8605 0.011333333333333334 0.025
0 0.22833333333333333 0.859 0.008666666666666666 0.022
0 0.37866666666666665 0.8585 0.009333333333333334 0.023
0 0.204 0.8585 0.009333333333333334 0.023
0 0.474 0.857 0.009333333333333334 0.022
0 0.299 0.859 0.01 0.026
0 0.18133333333333335 0.8575 0.009333333333333334 0.023
0 0.405 0.857 0.011333333333333334 0.026
0 0.158 0.855 0.009333333333333334 0.024
0 0.25066666666666665 0.8555 0.010666666666666666 0.027
0 0.35433333333333333 0.8525 0.008666666666666666 0.027
0 0.13233333333333333 0.8505 0.01 0.025
0 0.329 0.7915 0.01 0.023
0 0.476 0.7865 0.009333333333333334 0.023
0 0.3006666666666667 0.787 0.010666666666666666 0.024
0 0.502 0.785 0.009333333333333334 0.024
0 0.45366666666666666 0.784 0.008666666666666666 0.022
0 0.35633333333333334 0.7855 0.01 0.025
0 0.42733333333333334 0.783 0.009333333333333334 0.024
0 0.20566666666666666 0.781 0.008666666666666666 0.02
0 0.4046666666666667 0.7825 0.009333333333333334 0.025
0 0.385 0.7825 0.01 0.027
0 0.2793333333333333 0.783 0.013333333333333334 0.028
0 0.22933333333333333 0.7815 0.010666666666666666 0.025
0 0.25133333333333335 0.78 0.010666666666666666 0.026
0 0.17966666666666667 0.7785 0.01 0.023
0 0.13 0.7785 0.010666666666666666 0.027
0 0.15666666666666668 0.775 0.009333333333333334 0.024
0 0.5 0.722 0.009333333333333334 0.022
0 0.37966666666666665 0.7135 0.007333333333333333 0.017
0 0.4053333333333333 0.7105 0.009333333333333334 0.021
0 0.4766666666666667 0.7105 0.009333333333333334 0.023
0 0.227 0.709 0.008666666666666666 0.022
0 0.201 0.71 0.011333333333333334 0.024
0 0.43066666666666664 0.71 0.010666666666666666 0.026
0 0.248 0.71 0.010666666666666666 0.026
0 0.359 0.708 0.008666666666666666 0.024
0 0.2986666666666667 0.709 0.010666666666666666 0.028
0 0.453 0.7085 0.01 0.029
0 0.2753333333333333 0.7065 0.009333333333333334 0.025
0 0.3313333333333333 0.7065 0.010666666666666666 0.027
0 0.17966666666666667 0.704 0.01 0.024
0 0.15533333333333332 0.702 0.009333333333333334 0.024
0 0.131 0.7035 0.011333333333333334 0.029
0 0.3343333333333333 0.6415 0.007333333333333333 0.017
0 0.4736666666666667 0.6395 0.007333333333333333 0.017
0 0.358 0.64 0.008 0.02
0 0.45 0.6415 0.010666666666666666 0.025
0 0.5053333333333333 0.6385 0.010666666666666666 0.023
0 0.22633333333333333 0.637 0.01 0.022
0 0.429 0.639 0.011333333333333334 0.028
0 0.18033333333333335 0.637 0.01 0.024
0 0.38133333333333336 0.6355 0.009333333333333334 0.023
0 0.296 0.6365 0.010666666666666666 0.025
0 0.155 0.6375 0.01 0.027
0 0.2753333333333333 0.6335 0.010666666666666666 0.023
0 0.20366666666666666 0.633 0.01 0.022
0 0.406 0.634 0.010666666666666666 0.026
0 0.25266666666666665 0.6345 0.010666666666666666 0.027
0 0.13133333333333333 0.627 0.009333333333333334 0.026
0 0.453 0.574 0.008666666666666666 0.022
0 0.5036666666666667 0.5715 0.01 0.025
0 0.43 0.5715 0.009333333333333334 0.025
0 0.4033333333333333 0.5715 0.009333333333333334 0.025
0 0.383 0.5675 0.007333333333333333 0.017
0 0.33466666666666667 0.5695 0.009333333333333334 0.021
0 0.15566666666666668 0.5675 0.008666666666666666 0.019
0 0.479 0.564 0.008666666666666666 0.022
0 0.358 0.566 0.010666666666666666 0.026
0 0.30033333333333334 0.5585 0.008666666666666666 0.019
0 0.181 0.562 0.01 0.026
0 0.13333333333333333 0.5565 0.008 0.019
0 0.275 0.558 0.01 0.024
0 0.25 0.559 0.010666666666666666 0.026
0 0.227 0.5555 0.008666666666666666 0.019
0 0.45566666666666666 0.4995 0.01 0.023
0 0.4083333333333333 0.5015 0.01 0.029
0 0.38133333333333336 0.5005 0.010666666666666666 0.027
0 0.4796666666666667 0.4985 0.01 0.027
0 0.33366666666666667 0.4975 0.01 0.025
0 0.5033333333333333 0.4965 0.010666666666666666 0.025
0 0.359 0.498 0.011333333333333334 0.028
0 0.43233333333333335 0.4935 0.01 0.027
0 0.18166666666666667 0.488 0.008666666666666666 0.018
0 0.25233333333333335 0.4895 0.008666666666666666 0.023
0 0.204 0.487 0.009333333333333334 0.02
0 0.2986666666666667 0.485 0.009333333333333334 0.022
0 0.227 0.484 0.008666666666666666 0.02
0 0.15833333333333333 0.4835 0.008666666666666666 0.021
0 0.13433333333333333 0.4835 0.01 0.023
0 0.3596666666666667 0.4295 0.01 0.023
0 0.408 0.43 0.010666666666666666 0.026
0 0.432 0.426 0.010666666666666666 0.026
0 0.4786666666666667 0.4235 0.009333333333333334 0.023
0 0.38233333333333336 0.426 0.011333333333333334 0.03
0 0.337 0.424 0.01 0.026
0 0.45666666666666667 0.4225 0.010666666666666666 0.025
0 0.5026666666666667 0.423 0.010666666666666666 0.03
0 0.22866666666666666 0.4205 0.012 0.027
0 0.20533333333333334 0.418 0.009333333333333334 0.022
0 0.15366666666666667 0.418 0.011333333333333334 0.024
0 0.13366666666666666 0.4185 0.011333333333333334 0.025
0 0.248 0.4185 0.009333333333333334 0.027
0 0.275 0.415 0.01 0.022
0 0.17833333333333334 0.4165 0.011333333333333334 0.031
0 0.38433333333333336 0.3555 0.008666666666666666 0.019
0 0.3333333333333333 0.3555 0.009333333333333334 0.023
0 0.43233333333333335 0.352 0.008666666666666666 0.02
0 0.4073333333333333 0.3535 0.009333333333333334 0.025
0 0.36133333333333334 0.3505 0.008 0.019
0 0.504 0.352 0.009333333333333334 0.024
0 0.4543333333333333 0.3535 0.011333333333333334 0.027
0 0.48 0.3495 0.008 0.021
0 0.133 0.35 0.01 0.024
0 0.25433333333333336 0.349 0.011333333333333334 0.024
0 0.23 0.3495 0.010666666666666666 0.025
0 0.302 0.347 0.010666666666666666 0.024
0 0.18033333333333335 0.3455 0.011333333333333334 0.025
0 0.278 0.3455 0.010666666666666666 0.027
0 0.15766666666666668 0.3405 0.01 0.023
0 0.20366666666666666 0.343 0.012666666666666666 0.03
0 0.3606666666666667 0.284 0.009333333333333334 0.024
0 0.30333333333333334 0.2815 0.009333333333333334 0.021
0 0.4776666666666667 0.2835 0.01 0.029
0 0.411 0.279 0.008666666666666666 0.022
0 0.43166666666666664 0.28 0.01 0.026
0 0.5036666666666667 0.28 0.01 0.028
0 0.38533333333333336 0.28 0.010666666666666666 0.028
0 0.253 0.277 0.01 0.022
0 0.4563333333333333 0.278 0.01 0.026
0 0.337 0.2765 0.01 0.023
0 0.27666666666666667 0.2745 0.010666666666666666 0.025
0 0.229 0.272 0.01 0.024
0 0.20433333333333334 0.272 0.01 0.024
0 0.13366666666666666 0.2705 0.011333333333333334 0.025
0 0.17966666666666667 0.269 0.01 0.024
0 0.15866666666666668 0.271 0.012 0.03
0 0.5403333333333333 0.215 0.008666666666666666 0.02
0 0.3596666666666667 0.212 0.01 0.024
0 0.338 0.2105 0.010666666666666666 0.025
0 0.5016666666666667 0.209 0.01 0.024
0 0.4083333333333333 0.2075 0.011333333333333334 0.027
0 0.38466666666666666 0.2075 0.012 0.027
0 0.43333333333333335 0.208 0.012 0.03
0 0.48033333333333333 0.2045 0.01 0.025
0 0.182 0.2025 0.009333333333333334 0.023
0 0.302 0.201 0.009333333333333334 0.022
0 0.4563333333333333 0.202 0.01 0.026
0 0.279 0.2015 0.01 0.027
0 0.23 0.2005 0.010666666666666666 0.025
0 0.206 0.2005 0.010666666666666666 0.025
0 0.15633333333333332 0.201 0.011333333333333334 0.026
0 0.134 0.201 0.010666666666666666 0.028
0 0.252 0.1985 0.010666666666666666 0.025
0 0.7096666666666667 0.1415 0.011333333333333334 0.025
0 0.38466666666666666 0.1375 0.008 0.019
0 0.338 0.138 0.008 0.02
0 0.4066666666666667 0.1385 0.010666666666666666 0.025
0 0.6353333333333333 0.136 0.009333333333333334 0.022
0 0.43466666666666665 0.1365 0.009333333333333334 0.023
0 0.6113333333333333 0.138 0.010666666666666666 0.028
0 0.59 0.1355 0.009333333333333334 0.025
0 0.45866666666666667 0.1365 0.012 0.027
0 0.5623333333333334 0.135 0.01 0.026
0 0.5046666666666667 0.1345 0.010666666666666666 0.025
0 0.6836666666666666 0.136 0.012666666666666666 0.03
0 0.36133333333333334 0.1335 0.010666666666666666 0.025
0 0.5393333333333333 0.1345 0.010666666666666666 0.029
0 0.4816666666666667 0.1315 0.011333333333333334 0.027
0 0.3383333333333333 0.069 0.008666666666666666 0.02
0 0.361 0.0685 0.01 0.023
0 0.4083333333333333 0.0665 0.01 0.023
0 0.661 0.0645 0.011333333333333334 0.025
0 0.38666666666666666 0.063 0.010666666666666666 0.024
0 0.7113333333333334 0.0625 0.010666666666666666 0.025
0 0.6116666666666667 0.062 0.01 0.024
0 0.5376666666666666 0.0635 0.01 0.027
0 0.45966666666666667 0.064 0.01 0.028
0 0.6846666666666666 0.062 0.010666666666666666 0.026
0 0.5646666666666667 0.0605 0.009333333333333334 0.023
0 0.481 0.062 0.011333333333333334 0.026
0 0.59 0.0595 0.010666666666666666 0.023
0 0.5063333333333333 0.0605 0.01 0.025
0 0.436 0.062 0.010666666666666666 0.028
0 0.637 0.0585 0.011333333333333334 0.027
0 0.2752777777777778 0.4870833333333333 0.009444444444444445 0.019166666666666665
0 0.3013888888888889 0.42333333333333334 0.008333333333333333 0.016666666666666666
0 0.20277777777777778 0.5583333333333333 0.006666666666666667 0.02
