0 0.592 0.878 0.012 0.028
0 0.5256666666666666 0.875 0.01 0.026
0 0.6496666666666666 0.8665 0.008666666666666666 0.021
0 0.44233333333333336 0.872 0.014 0.032
0 0.4043333333333333 0.8705 0.015333333333333332 0.033
0 0.33166666666666667 0.87 0.015333333333333332 0.036
0 0.438 0.7775 0.014666666666666666 0.025
0 0.6446666666666667 0.772 0.008 0.02
0 0.5873333333333334 0.7695 0.009333333333333334 0.023
0 0.3596666666666667 0.776 0.015333333333333332 0.036
0 0.32033333333333336 0.774 0.016666666666666666 0.038
0 0.13433333333333333 0.711 0.008666666666666666 0.022
0 0.45 0.7055 0.012 0.031
0 0.3253333333333333 0.694 0.009333333333333334 0.024
0 0.3923333333333333 0.696 0.011333333333333334 0.03
0 0.636 0.6815 0.010666666666666666 0.025
0 0.5346666666666666 0.672 0.016 0.038
0 0.786 0.6325 0.010666666666666666 0.017
0 0.8173333333333334 0.631 0.010666666666666666 0.016
0 0.8423333333333334 0.6255 0.011333333333333334 0.015
0 0.45266666666666666 0.6195 0.008 0.021
0 0.3913333333333333 0.6115 0.010666666666666666 0.025
0 0.341 0.6095 0.015333333333333332 0.033
0 0.5756666666666667 0.589 0.008666666666666666 0.018
0 0.6443333333333333 0.587 0.011333333333333334 0.026
0 0.525 0.582 0.01 0.024
0 0.392 0.5495 0.010666666666666666 0.025
0 0.3293333333333333 0.538 0.009333333333333334 0.022
0 0.44466666666666665 0.539 0.013333333333333334 0.032
0 0.153 0.5175 0.018 0.037
0 0.12866666666666668 0.517 0.016 0.036
0 0.5186666666666667 0.4985 0.010666666666666666 0.025
0 0.5903333333333334 0.4975 0.012666666666666666 0.029
0 0.643 0.4825 0.004666666666666667 0.011
0 0.6553333333333333 0.487 0.012 0.034
0 0.789 0.4675 0.012666666666666666 0.027
0 0.8143333333333334 0.468 0.014 0.03
0 0.7603333333333333 0.467 0.012666666666666666 0.028
0 0.728 0.4665 0.013333333333333334 0.031
0 0.3536666666666667 0.4605 0.011333333333333334 0.027
0 0.44 0.4495 0.006666666666666667 0.013
0 0.5966666666666667 0.4065 0.009333333333333334 0.017
0 0.527 0.409 0.01 0.026
0 0.37433333333333335 0.3895 0.011333333333333334 0.023
0 0.3466666666666667 0.387 0.009333333333333334 0.022
0 0.39966666666666667 0.3865 0.01 0.025
0 0.711 0.362 0.007333333333333333 0.018
0 0.803 0.365 0.012666666666666666 0.03
0 0.7573333333333333 0.364 0.012 0.028
0 0.12566666666666668 0.363 0.014 0.03
0 0.8483333333333334 0.3575 0.008666666666666666 0.021
0 0.5256666666666666 0.335 0.012666666666666666 0.032
0 0.5953333333333334 0.3285 0.010666666666666666 0.027
0 0.6603333333333333 0.3255 0.008666666666666666 0.025
0 0.348 0.3195 0.008 0.019
0 0.40066666666666667 0.311 0.008 0.016
0 0.37666666666666665 0.311 0.006666666666666667 0.02
0 0.8033333333333333 0.279 0.008 0.02
0 0.8463333333333334 0.269 0.004666666666666667 0.01
0 0.7253333333333334 0.277 0.014666666666666666 0.034
0 0.5253333333333333 0.2475 0.009333333333333334 0.023
0 0.5943333333333334 0.2485 0.012666666666666666 0.027
0 0.658 0.2475 0.013333333333333334 0.031
0 0.37533333333333335 0.238 0.012 0.026
0 0.352 0.239 0.013333333333333334 0.03
0 0.401 0.2375 0.012666666666666666 0.029
0 0.14933333333333335 0.2255 0.014666666666666666 0.033
0 0.7163333333333334 0.1845 0.011333333333333334 0.029
0 0.8316666666666667 0.177 0.007333333333333333 0.016
0 0.7693333333333333 0.1785 0.010666666666666666 0.023
0 0.5293333333333333 0.1655 0.010666666666666666 0.023
0 0.594 0.1655 0.013333333333333334 0.029
0 0.352 0.161 0.009333333333333334 0.02
0 0.6623333333333333 0.1615 0.011333333333333334 0.025
0 0.30533333333333335 0.1575 0.012 0.025
0 0.3263333333333333 0.157 0.011333333333333334 0.028
0 0.7686666666666667 0.1095 0.016 0.035
0 0.8373333333333334 0.102 0.010666666666666666 0.026
0 0.3463333333333333 0.099 0.011333333333333334 0.03
0 0.44 0.0935 0.010666666666666666 0.025
0 0.36966666666666664 0.0935 0.011333333333333334 0.027
0 0.721 0.0995 0.019333333333333334 0.043
0 0.658 0.086 0.009333333333333334 0.022
0 0.3953333333333333 0.086 0.010666666666666666 0.022
0 0.4633333333333333 0.087 0.010666666666666666 0.026
0 0.415 0.0865 0.01 0.025
0 0.318 0.086 0.012 0.028
0 0.5313333333333333 0.0875 0.016 0.037
0 0.5906666666666667 0.089 0.018666666666666668 0.046
0 0.11722222222222223 0.19833333333333333 0.02 0.03166666666666667
0 0.41333333333333333 0.455 0.011111111111111112 0.025
0 0.5305555555555556 0.7679166666666667 0.013333333333333334 0.024166666666666666
