0 0.10555555555555556 0.5616666666666666 0.013333333333333334 0.043333333333333335
0 0.31055555555555553 0.42833333333333334 0.013333333333333334 0.043333333333333335
0 0.3883333333333333 0.20166666666666666 0.013333333333333334 0.043333333333333335
0 0.26944444444444443 0.5591666666666667 0.013333333333333334 0.043333333333333335
0 0.33555555555555555 0.2791666666666667 0.013333333333333334 0.043333333333333335
0 0.33555555555555555 0.13083333333333333 0.013333333333333334 0.043333333333333335
0 0.30777777777777776 0.65 0.013333333333333334 0.043333333333333335
0 0.4388888888888889 0.5083333333333333 0.013333333333333334 0.043333333333333335
0 0.36833333333333335 0.12916666666666668 0.013333333333333334 0.043333333333333335
0 0.41555555555555557 0.35583333333333333 0.013333333333333334 0.043333333333333335
0 0.4161111111111111 0.4325 0.013333333333333334 0.043333333333333335
0 0.39166666666666666 0.2791666666666667 0.013333333333333334 0.043333333333333335
0 0.30944444444444447 0.8533333333333334 0.013333333333333334 0.043333333333333335
0 0.41944444444444445 0.28 0.013333333333333334 0.043333333333333335
0 0.30944444444444447 0.5766666666666667 0.013333333333333334 0.043333333333333335
0 0.45111111111111113 0.12833333333333333 0.013333333333333334 0.043333333333333335
0 0.3894444444444444 0.43166666666666664 0.013333333333333334 0.043333333333333335
0 0.38722222222222225 0.515 0.013333333333333334 0.043333333333333335
0 0.33666666666666667 0.6508333333333334 0.013333333333333334 0.043333333333333335
0 0.4211111111111111 0.20166666666666666 0.013333333333333334 0.043333333333333335
0 0.44277777777777777 0.36 0.013333333333333334 0.043333333333333335
0 0.45111111111111113 0.2875 0.013333333333333334 0.043333333333333335
0 0.33666666666666667 0.5758333333333333 0.013333333333333334 0.043333333333333335
0 0.3616666666666667 0.5075 0.013333333333333334 0.043333333333333335
0 0.15722222222222224 0.5625 0.013333333333333334 0.043333333333333335
0 0.41333333333333333 0.5108333333333334 0.013333333333333334 0.043333333333333335
0 0.3616666666666667 0.57 0.013333333333333334 0.043333333333333335
0 0.5166666666666667 0.62 0.013333333333333334 0.043333333333333335
0 0.22277777777777777 0.5633333333333334 0.013333333333333334 0.043333333333333335
0 0.30833333333333335 0.5116666666666667 0.013333333333333334 0.043333333333333335
0 0.3655555555555556 0.20333333333333334 0.013333333333333334 0.043333333333333335
0 0.3383333333333333 0.43166666666666664 0.013333333333333334 0.043333333333333335
0 0.39055555555555554 0.35333333333333333 0.013333333333333334 0.043333333333333335
0 0.3055555555555556 0.3525 0.013333333333333334 0.043333333333333335
0 0.11166666666666666 0.2808333333333333 0.013333333333333334 0.043333333333333335
0 0.47444444444444445 0.43583333333333335 0.013333333333333334 0.043333333333333335
0 0.31 0.27666666666666667 0.013333333333333334 0.043333333333333335
0 0.36277777777777775 0.43083333333333335 0.013333333333333334 0.043333333333333335
0 0.4711111111111111 0.5116666666666667 0.013333333333333334 0.043333333333333335
0 0.13277777777777777 0.2758333333333333 0.013333333333333334 0.043333333333333335
0 0.1988888888888889 0.5625 0.013333333333333334 0.043333333333333335
0 0.3388888888888889 0.19916666666666666 0.013333333333333334 0.043333333333333335
0 0.41333333333333333 0.5791666666666667 0.013333333333333334 0.043333333333333335
0 0.17777777777777778 0.565 0.013333333333333334 0.043333333333333335
0 0.4738888888888889 0.2816666666666667 0.013333333333333334 0.043333333333333335
0 0.4722222222222222 0.36 0.013333333333333334 0.043333333333333335
0 0.4411111111111111 0.5725 0.013333333333333334 0.043333333333333335
0 0.12944444444444445 0.5616666666666666 0.013333333333333334 0.043333333333333335
0 0.3372222222222222 0.5066666666666667 0.013333333333333334 0.043333333333333335
0 0.4716666666666667 0.5825 0.013333333333333334 0.043333333333333335
0 0.4216666666666667 0.12416666666666666 0.013333333333333334 0.043333333333333335
0 0.31055555555555553 0.19833333333333333 0.013333333333333334 0.043333333333333335
0 0.36277777777777775 0.35083333333333333 0.013333333333333334 0.043333333333333335
0 0.45166666666666666 0.205 0.013333333333333334 0.043333333333333335
0 0.3655555555555556 0.2725 0.013333333333333334 0.043333333333333335
0 0.39222222222222225 0.12583333333333332 0.013333333333333334 0.043333333333333335
0 0.47444444444444445 0.13 0.013333333333333334 0.043333333333333335
0 0.4438888888888889 0.42833333333333334 0.013333333333333334 0.043333333333333335
0 0.365 0.6441666666666667 0.013333333333333334 0.043333333333333335
0 0.475 0.20333333333333334 0.013333333333333334 0.043333333333333335
0 0.3888888888888889 0.5783333333333334 0.013333333333333334 0.043333333333333335
0 0.2461111111111111 0.56 0.013333333333333334 0.043333333333333335
0 0.30444444444444446 0.13 0.013333333333333334 0.043333333333333335
0 0.335 0.3458333333333333 0.013333333333333334 0.043333333333333335
0 0.8788888888888889 0.12416666666666666 0.013333333333333334 0.043333333333333335
0 0.74 0.27 0.013333333333333334 0.043333333333333335
0 0.7394444444444445 0.12166666666666667 0.013333333333333334 0.043333333333333335
0 0.6055555555555555 0.3441666666666667 0.013333333333333334 0.043333333333333335
0 0.6511111111111111 0.41833333333333333 0.013333333333333334 0.043333333333333335
0 0.5088888888888888 0.41083333333333333 0.013333333333333334 0.043333333333333335
0 0.5094444444444445 0.2683333333333333 0.013333333333333334 0.043333333333333335
0 0.785 0.12583333333333332 0.013333333333333334 0.043333333333333335
0 0.65 0.27166666666666667 0.013333333333333334 0.043333333333333335
0 0.6733333333333333 0.2708333333333333 0.013333333333333334 0.043333333333333335
0 0.5822222222222222 0.4058333333333333 0.013333333333333334 0.043333333333333335
0 0.6722222222222223 0.34 0.013333333333333334 0.043333333333333335
0 0.7611111111111111 0.1225 0.013333333333333334 0.043333333333333335
0 0.5605555555555556 0.3416666666666667 0.013333333333333334 0.043333333333333335
0 0.6016666666666667 0.12666666666666668 0.013333333333333334 0.043333333333333335
0 0.8544444444444445 0.195 0.013333333333333334 0.043333333333333335
0 0.6072222222222222 0.2733333333333333 0.013333333333333334 0.043333333333333335
0 0.7161111111111111 0.11833333333333333 0.013333333333333334 0.043333333333333335
0 0.6044444444444445 0.19583333333333333 0.013333333333333334 0.043333333333333335
0 0.5538888888888889 0.12333333333333334 0.013333333333333334 0.043333333333333335
0 0.8077777777777778 0.195 0.013333333333333334 0.043333333333333335
0 0.5544444444444444 0.19833333333333333 0.013333333333333334 0.043333333333333335
0 0.54 0.12333333333333334 0.013333333333333334 0.043333333333333335
0 0.51 0.1275 0.013333333333333334 0.043333333333333335
0 0.65 0.19833333333333333 0.013333333333333334 0.043333333333333335
0 0.5805555555555556 0.2708333333333333 0.013333333333333334 0.043333333333333335
0 0.6266666666666667 0.2733333333333333 0.013333333333333334 0.043333333333333335
0 0.8322222222222222 0.12666666666666668 0.013333333333333334 0.043333333333333335
0 0.7161111111111111 0.19833333333333333 0.013333333333333334 0.043333333333333335
0 0.6238888888888889 0.4091666666666667 0.013333333333333334 0.043333333333333335
0 0.5322222222222223 0.2708333333333333 0.013333333333333334 0.043333333333333335
0 0.6255555555555555 0.33916666666666667 0.013333333333333334 0.043333333333333335
0 0.8083333333333333 0.12916666666666668 0.013333333333333334 0.043333333333333335
0 0.6738888888888889 0.1975 0.013333333333333334 0.043333333333333335
0 0.5338888888888889 0.41333333333333333 0.013333333333333334 0.043333333333333335
0 0.63 0.19583333333333333 0.013333333333333334 0.043333333333333335
0 0.7861111111111111 0.19583333333333333 0.013333333333333334 0.043333333333333335
0 0.5572222222222222 0.2683333333333333 0.013333333333333334 0.043333333333333335
0 0.535 0.3441666666666667 0.013333333333333334 0.043333333333333335
0 0.5566666666666666 0.41 0.013333333333333334 0.043333333333333335
0 0.5077777777777778 0.19833333333333333 0.013333333333333334 0.043333333333333335
0 0.5788888888888889 0.125 0.013333333333333334 0.043333333333333335
0 0.8338888888888889 0.19416666666666665 0.013333333333333334 0.043333333333333335
0 0.5822222222222222 0.20083333333333334 0.013333333333333334 0.043333333333333335
0 0.7144444444444444 0.2658333333333333 0.013333333333333334 0.043333333333333335
0 0.7633333333333333 0.1975 0.013333333333333334 0.043333333333333335
0 0.8761111111111111 0.19166666666666668 0.013333333333333334 0.043333333333333335
0 0.5088888888888888 0.33916666666666667 0.013333333333333334 0.043333333333333335
0 0.6266666666666667 0.125 0.013333333333333334 0.043333333333333335
0 0.7394444444444445 0.19833333333333333 0.013333333333333334 0.043333333333333335
0 0.5305555555555556 0.19583333333333333 0.013333333333333334 0.043333333333333335
0 0.5772222222222222 0.3416666666666667 0.013333333333333334 0.043333333333333335
0 0.7611111111111111 0.2633333333333333 0.013333333333333334 0.043333333333333335
0 0.6511111111111111 0.12833333333333333 0.013333333333333334 0.043333333333333335
0 0.8566666666666667 0.12583333333333332 0.013333333333333334 0.043333333333333335
0 0.7844444444444445 0.26666666666666666 0.013333333333333334 0.043333333333333335
0 0.6505555555555556 0.3416666666666667 0.013333333333333334 0.043333333333333335
0 0.6688888888888889 0.12666666666666668 0.013333333333333334 0.043333333333333335
0 0.605 0.41 0.013333333333333334 0.043333333333333335
