0 0.4266666666666667 0.7654166666666666 0.024444444444444446 0.05416666666666667
0 0.6272222222222222 0.6683333333333333 0.024444444444444446 0.05416666666666667
0 0.5372222222222223 0.8325 0.024444444444444446 0.05416666666666667
0 0.5727777777777778 0.8891666666666667 0.024444444444444446 0.05416666666666667
0 0.37222222222222223 0.8375 0.024444444444444446 0.05416666666666667
0 0.6038888888888889 0.74 0.024444444444444446 0.05416666666666667
0 0.5205555555555555 0.8858333333333334 0.024444444444444446 0.05416666666666667
0 0.5272222222222223 0.7358333333333333 0.024444444444444446 0.05416666666666667
0 0.3411111111111111 0.8308333333333333 0.024444444444444446 0.05416666666666667
0 0.6283333333333333 0.88 0.024444444444444446 0.05416666666666667
0 0.45166666666666666 0.7608333333333334 0.024444444444444446 0.05416666666666667
0 0.6005555555555555 0.6691666666666667 0.024444444444444446 0.05416666666666667
0 0.5005555555555555 0.8175 0.024444444444444446 0.05416666666666667
0 0.3488888888888889 0.7691666666666667 0.024444444444444446 0.05416666666666667
0 0.5261111111111111 0.2925 0.024444444444444446 0.05416666666666667
0 0.49666666666666665 0.8841666666666667 0.024444444444444446 0.05416666666666667
0 0.3983333333333333 0.8416666666666667 0.024444444444444446 0.05416666666666667
0 0.31055555555555553 0.16583333333333333 0.024444444444444446 0.05416666666666667
0 0.5961111111111111 0.2175 0.024444444444444446 0.05416666666666667
0 0.6772222222222222 0.8125 0.024444444444444446 0.05416666666666667
0 0.6516666666666666 0.8166666666666667 0.024444444444444446 0.05416666666666667
0 0.6755555555555556 0.6675 0.024444444444444446 0.05416666666666667
0 0.5788888888888889 0.7408333333333333 0.024444444444444446 0.05416666666666667
0 0.5516666666666666 0.81 0.024444444444444446 0.05416666666666667
0 0.10277777777777777 0.6133333333333333 0.024444444444444446 0.05416666666666667
0 0.5822222222222222 0.28583333333333333 0.024444444444444446 0.05416666666666667
0 0.6005555555555555 0.8825 0.024444444444444446 0.05416666666666667
0 0.44055555555555553 0.8425 0.024444444444444446 0.05416666666666667
0 0.6983333333333334 0.9033333333333333 0.024444444444444446 0.05416666666666667
0 0.37777777777777777 0.7591666666666667 0.024444444444444446 0.05416666666666667
0 0.555 0.6683333333333333 0.024444444444444446 0.05416666666666667
0 0.55 0.8866666666666667 0.024444444444444446 0.05416666666666667
0 0.5716666666666667 0.8108333333333333 0.024444444444444446 0.05416666666666667
0 0.5711111111111111 0.21416666666666667 0.024444444444444446 0.05416666666666667
0 0.6688888888888889 0.2175 0.024444444444444446 0.05416666666666667
0 0.5261111111111111 0.215 0.024444444444444446 0.05416666666666667
0 0.5016666666666667 0.2916666666666667 0.024444444444444446 0.05416666666666667
0 0.6561111111111111 0.6683333333333333 0.024444444444444446 0.05416666666666667
0 0.6255555555555555 0.8116666666666666 0.024444444444444446 0.05416666666666667
0 0.4216666666666667 0.8408333333333333 0.024444444444444446 0.05416666666666667
0 0.5038888888888889 0.22 0.024444444444444446 0.05416666666666667
0 0.37277777777777776 0.9141666666666667 0.024444444444444446 0.05416666666666667
0 0.5516666666666666 0.215 0.024444444444444446 0.05416666666666667
0 0.5033333333333333 0.6675 0.024444444444444446 0.05416666666666667
0 0.525 0.6716666666666666 0.024444444444444446 0.05416666666666667
0 0.5583333333333333 0.2925 0.024444444444444446 0.05416666666666667
0 0.5766666666666667 0.6741666666666667 0.024444444444444446 0.05416666666666667
0 0.6427777777777778 0.21666666666666667 0.024444444444444446 0.05416666666666667
0 0.7333333333333333 0.5675 0.024444444444444446 0.05416666666666667
0 0.6 0.8091666666666667 0.024444444444444446 0.05416666666666667
0 0.6183333333333333 0.22 0.024444444444444446 0.05416666666666667
0 0.5533333333333333 0.7391666666666666 0.024444444444444446 0.05416666666666667
0 0.49944444444444447 0.7366666666666667 0.024444444444444446 0.05416666666666667
0 0.10277777777777777 0.21583333333333332 0.024444444444444446 0.05416666666666667
0 0.3983333333333333 0.7591666666666667 0.024444444444444446 0.05416666666666667
0 0.7672222222222222 0.09083333333333334 0.024444444444444446 0.05416666666666667
0 0.825 0.16666666666666666 0.024444444444444446 0.05416666666666667
0 0.8666666666666667 0.09333333333333334 0.024444444444444446 0.05416666666666667
0 0.7777777777777778 0.1675 0.024444444444444446 0.05416666666666667
0 0.8477777777777777 0.1675 0.024444444444444446 0.05416666666666667
0 0.8427777777777777 0.09416666666666666 0.024444444444444446 0.05416666666666667
0 0.7922222222222223 0.09583333333333334 0.024444444444444446 0.05416666666666667
0 0.7266666666666667 0.16166666666666665 0.024444444444444446 0.05416666666666667
0 0.805 0.16083333333333333 0.024444444444444446 0.05416666666666667
0 0.7011111111111111 0.16416666666666666 0.024444444444444446 0.05416666666666667
0 0.7494444444444445 0.16166666666666665 0.024444444444444446 0.05416666666666667
0 0.8766666666666667 0.1625 0.024444444444444446 0.05416666666666667
0 0.8122222222222222 0.09416666666666666 0.024444444444444446 0.05416666666666667
