0 0.9196666666666666 0.8945 0.008666666666666666 0.085
0 0.32866666666666666 0.8635 0.013333333333333334 0.039
0 0.34933333333333333 0.862 0.010666666666666666 0.042
0 0.306 0.8615 0.014666666666666666 0.043
0 0.15333333333333332 0.856 0.017333333333333333 0.042
0 0.10433333333333333 0.857 0.016666666666666666 0.044
0 0.27166666666666667 0.8555 0.012666666666666666 0.045
0 0.251 0.8535 0.019333333333333334 0.041
0 0.179 0.854 0.022 0.042
0 0.12533333333333332 0.854 0.025333333333333333 0.042
0 0.22666666666666666 0.8535 0.018666666666666668 0.043
0 0.20166666666666666 0.8545 0.023333333333333334 0.045
0 0.4266666666666667 0.7955 0.016 0.037
0 0.3273333333333333 0.7965 0.012 0.039
0 0.4036666666666667 0.7935 0.016666666666666666 0.039
0 0.35633333333333334 0.7945 0.016666666666666666 0.043
0 0.306 0.7945 0.014666666666666666 0.045
0 0.27266666666666667 0.787 0.010666666666666666 0.04
0 0.225 0.7865 0.016666666666666666 0.043
0 0.20066666666666666 0.789 0.02 0.05
0 0.177 0.7865 0.018 0.047
0 0.15333333333333332 0.7865 0.017333333333333333 0.049
0 0.12966666666666668 0.783 0.022 0.044
0 0.104 0.785 0.02 0.05
0 0.469 0.73 0.008666666666666666 0.03
0 0.4023333333333333 0.7255 0.015333333333333332 0.033
0 0.375 0.726 0.01 0.034
0 0.35533333333333333 0.7255 0.017333333333333333 0.041
0 0.30466666666666664 0.7255 0.013333333333333334 0.041
0 0.33 0.723 0.018666666666666668 0.04
0 0.2693333333333333 0.721 0.013333333333333334 0.042
0 0.10433333333333333 0.7215 0.018 0.049
0 0.24733333333333332 0.7185 0.016 0.047
0 0.22366666666666668 0.72 0.018 0.052
0 0.19966666666666666 0.7175 0.016666666666666666 0.047
0 0.12866666666666668 0.717 0.021333333333333333 0.046
0 0.17666666666666667 0.7145 0.017333333333333333 0.045
0 0.15366666666666667 0.719 0.016666666666666666 0.056
0 0.4003333333333333 0.656 0.012666666666666666 0.032
0 0.467 0.654 0.01 0.03
0 0.421 0.6545 0.01 0.033
0 0.44666666666666666 0.652 0.012 0.036
0 0.3516666666666667 0.652 0.015333333333333332 0.038
0 0.32966666666666666 0.65 0.015333333333333332 0.04
0 0.2693333333333333 0.6455 0.012 0.041
0 0.30633333333333335 0.646 0.015333333333333332 0.044
0 0.223 0.6455 0.015333333333333332 0.043
0 0.20066666666666666 0.647 0.016 0.046
0 0.24733333333333332 0.6485 0.017333333333333333 0.051
0 0.176 0.6485 0.017333333333333333 0.051
0 0.10433333333333333 0.6445 0.018 0.045
0 0.153 0.645 0.015333333333333332 0.048
0 0.12866666666666668 0.642 0.016 0.042
0 0.455 0.5845 0.008666666666666666 0.031
0 0.426 0.583 0.014666666666666666 0.034
0 0.44533333333333336 0.582 0.010666666666666666 0.034
0 0.4026666666666667 0.5835 0.018666666666666668 0.037
0 0.3546666666666667 0.5825 0.017333333333333333 0.037
0 0.379 0.5825 0.015333333333333332 0.041
0 0.30666666666666664 0.584 0.016 0.046
0 0.33066666666666666 0.581 0.018666666666666668 0.042
0 0.103 0.5825 0.018 0.045
0 0.17533333333333334 0.5765 0.017333333333333333 0.039
0 0.2693333333333333 0.5785 0.013333333333333334 0.045
0 0.248 0.578 0.016 0.046
0 0.223 0.5765 0.015333333333333332 0.043
0 0.15066666666666667 0.576 0.018666666666666668 0.042
0 0.128 0.576 0.014666666666666666 0.042
0 0.20066666666666666 0.5765 0.018666666666666668 0.045
0 0.40166666666666667 0.5115 0.018 0.039
0 0.426 0.511 0.017333333333333333 0.042
0 0.37833333333333335 0.5125 0.015333333333333332 0.045
0 0.3546666666666667 0.5105 0.018666666666666668 0.045
0 0.3303333333333333 0.51 0.016666666666666666 0.044
0 0.128 0.509 0.017333333333333333 0.044
0 0.224 0.511 0.017333333333333333 0.05
0 0.17366666666666666 0.507 0.018 0.042
0 0.24733333333333332 0.509 0.017333333333333333 0.048
0 0.19866666666666666 0.509 0.017333333333333333 0.048
0 0.15 0.5075 0.016 0.047
0 0.103 0.5065 0.016666666666666666 0.045
0 0.27 0.505 0.013333333333333334 0.044
0 0.4686666666666667 0.443 0.009333333333333334 0.034
0 0.426 0.441 0.017333333333333333 0.036
0 0.38033333333333336 0.4425 0.015333333333333332 0.041
0 0.307 0.442 0.018 0.04
0 0.353 0.441 0.018 0.04
0 0.446 0.4375 0.009333333333333334 0.035
0 0.10366666666666667 0.4445 0.020666666666666667 0.051
0 0.4023333333333333 0.44 0.015333333333333332 0.044
0 0.15033333333333335 0.4375 0.014 0.041
0 0.24466666666666667 0.4365 0.016 0.041
0 0.17466666666666666 0.4375 0.016 0.043
0 0.22 0.4365 0.016 0.043
0 0.19933333333333333 0.442 0.018666666666666668 0.054
0 0.12733333333333333 0.438 0.017333333333333333 0.046
0 0.26766666666666666 0.4355 0.012666666666666666 0.043
0 0.4696666666666667 0.3705 0.01 0.029
0 0.4256666666666667 0.3765 0.018 0.053
0 0.4023333333333333 0.372 0.015333333333333332 0.044
0 0.379 0.3695 0.018 0.039
0 0.44866666666666666 0.3685 0.016 0.039
0 0.19566666666666666 0.3705 0.018 0.045
0 0.17166666666666666 0.3665 0.014 0.039
0 0.14833333333333334 0.3675 0.015333333333333332 0.041
0 0.125 0.3695 0.016666666666666666 0.045
0 0.2673333333333333 0.367 0.012 0.042
0 0.10166666666666667 0.367 0.018 0.042
0 0.243 0.366 0.012666666666666666 0.042
0 0.307 0.367 0.016666666666666666 0.048
0 0.21933333333333332 0.366 0.013333333333333334 0.046
0 0.355 0.3655 0.018 0.053
0 0.32966666666666666 0.337 0.020666666666666667 0.106
0 0.4693333333333333 0.298 0.009333333333333334 0.032
0 0.44966666666666666 0.2985 0.016666666666666666 0.035
0 0.10433333333333333 0.2985 0.01 0.035
0 0.30533333333333335 0.302 0.013333333333333334 0.044
0 0.427 0.302 0.015333333333333332 0.046
0 0.12333333333333334 0.2975 0.013333333333333334 0.037
0 0.17133333333333334 0.2985 0.013333333333333334 0.041
0 0.14733333333333334 0.2995 0.014666666666666666 0.043
0 0.404 0.3 0.017333333333333333 0.046
0 0.268 0.2975 0.012 0.041
0 0.21866666666666668 0.2995 0.014666666666666666 0.045
0 0.19433333333333333 0.298 0.014 0.042
0 0.24366666666666667 0.298 0.012666666666666666 0.044
0 0.38 0.2975 0.018666666666666668 0.051
0 0.3556666666666667 0.298 0.019333333333333334 0.054
0 0.4666666666666667 0.2305 0.009333333333333334 0.033
0 0.44733333333333336 0.2335 0.016 0.043
0 0.425 0.231 0.015333333333333332 0.042
0 0.40166666666666667 0.2295 0.018 0.043
0 0.331 0.2285 0.018 0.051
0 0.37766666666666665 0.227 0.016666666666666666 0.05
0 0.35433333333333333 0.2285 0.018 0.053
0 0.44866666666666666 0.161 0.017333333333333333 0.042
0 0.33066666666666666 0.164 0.017333333333333333 0.048
0 0.30666666666666664 0.162 0.016 0.044
0 0.468 0.1605 0.009333333333333334 0.043
0 0.35433333333333333 0.1625 0.019333333333333334 0.047
0 0.402 0.1595 0.017333333333333333 0.051
0 0.4693333333333333 0.0955 0.008 0.039
0 0.451 0.0955 0.018 0.043
0 0.3075 0.5145833333333333 0.019444444444444445 0.03916666666666667
0 0.4261111111111111 0.09083333333333334 0.019444444444444445 0.03916666666666667
0 0.4722222222222222 0.5133333333333333 0.019444444444444445 0.03916666666666667
0 0.32944444444444443 0.0925 0.019444444444444445 0.03916666666666667
0 0.3055555555555556 0.09166666666666666 0.019444444444444445 0.03916666666666667
0 0.3527777777777778 0.09416666666666666 0.019444444444444445 0.03916666666666667
0 0.24722222222222223 0.7883333333333333 0.019444444444444445 0.03916666666666667
0 0.37666666666666665 0.09333333333333334 0.019444444444444445 0.03916666666666667
0 0.4727777777777778 0.585 0.019444444444444445 0.03916666666666667
0 0.30444444444444446 0.22916666666666666 0.019444444444444445 0.03916666666666667
0 0.4488888888888889 0.5125 0.019444444444444445 0.03916666666666667
0 0.40166666666666667 0.09 0.019444444444444445 0.03916666666666667
0 0.32944444444444443 0.44666666666666666 0.019444444444444445 0.03916666666666667
0 0.44666666666666666 0.7941666666666667 0.019444444444444445 0.03916666666666667
0 0.4216666666666667 0.725 0.019444444444444445 0.03916666666666667
0 0.47 0.7966666666666666 0.019444444444444445 0.03916666666666667
0 0.3788888888888889 0.8666666666666667 0.019444444444444445 0.03916666666666667
0 0.40055555555555555 0.8641666666666666 0.019444444444444445 0.03916666666666667
0 0.37833333333333335 0.7966666666666666 0.019444444444444445 0.03916666666666667
0 0.37555555555555553 0.6508333333333334 0.019444444444444445 0.03916666666666667
0 0.4461111111111111 0.7275 0.019444444444444445 0.03916666666666667
0 0.37722222222222224 0.16 0.019444444444444445 0.03916666666666667
0 0.42388888888888887 0.15916666666666668 0.019444444444444445 0.03916666666666667
