0 0.7066666666666667 0.888 0.016 0.048
0 0.7646666666666667 0.886 0.016 0.054
0 0.8186666666666667 0.8775 0.024 0.041
0 0.737 0.8835 0.016666666666666666 0.053
0 0.8446666666666667 0.882 0.014666666666666666 0.052
0 0.8693333333333333 0.8805 0.016 0.051
0 0.7893333333333333 0.877 0.014666666666666666 0.044
0 0.13333333333333333 0.8735 0.016 0.039
0 0.212 0.8695 0.014666666666666666 0.041
0 0.098 0.8715 0.014666666666666666 0.045
0 0.19166666666666668 0.8685 0.014 0.041
0 0.3436666666666667 0.8715 0.016666666666666666 0.051
0 0.30033333333333334 0.8725 0.016666666666666666 0.055
0 0.36966666666666664 0.871 0.015333333333333332 0.054
0 0.324 0.867 0.016 0.052
0 0.17 0.8625 0.014666666666666666 0.043
0 0.144 0.8625 0.014666666666666666 0.043
0 0.32266666666666666 0.7335 0.016 0.053
0 0.3476666666666667 0.729 0.015333333333333332 0.052
0 0.29933333333333334 0.73 0.016 0.056
0 0.10033333333333333 0.7105 0.015333333333333332 0.047
0 0.4583333333333333 0.67 0.015333333333333332 0.052
0 0.412 0.6645 0.021333333333333333 0.045
0 0.39 0.6655 0.016 0.047
0 0.36633333333333334 0.666 0.015333333333333332 0.052
0 0.3433333333333333 0.6675 0.016 0.055
0 0.43566666666666665 0.663 0.015333333333333332 0.048
0 0.32066666666666666 0.6625 0.016 0.053
0 0.2986666666666667 0.648 0.016 0.054
0 0.105 0.5315 0.014 0.041
0 0.301 0.5315 0.015333333333333332 0.047
0 0.751 0.423 0.015333333333333332 0.044
0 0.7296666666666667 0.424 0.015333333333333332 0.046
0 0.101 0.3705 0.015333333333333332 0.043
0 0.847 0.3615 0.015333333333333332 0.049
0 0.30333333333333334 0.363 0.016 0.052
0 0.871 0.36 0.015333333333333332 0.048
0 0.7806666666666666 0.357 0.014666666666666666 0.044
0 0.803 0.358 0.015333333333333332 0.05
0 0.8253333333333334 0.3555 0.014666666666666666 0.047
0 0.7546666666666667 0.3575 0.016 0.051
0 0.7333333333333333 0.3525 0.014666666666666666 0.043
0 0.7066666666666667 0.3515 0.014666666666666666 0.047
0 0.8476666666666667 0.2945 0.015333333333333332 0.049
0 0.8706666666666667 0.2915 0.014666666666666666 0.045
0 0.7806666666666666 0.287 0.014666666666666666 0.046
0 0.826 0.2855 0.014666666666666666 0.045
0 0.8046666666666666 0.2865 0.014666666666666666 0.047
0 0.731 0.282 0.015333333333333332 0.046
0 0.7096666666666667 0.28 0.015333333333333332 0.046
0 0.7506666666666667 0.2775 0.016 0.049
0 0.107 0.22 0.014 0.042
0 0.307 0.221 0.015333333333333332 0.048
0 0.12933333333333333 0.217 0.014666666666666666 0.044
0 0.5076666666666667 0.1455 0.016666666666666666 0.057
0 0.7088888888888889 0.6383333333333333 0.022222222222222223 0.04833333333333333
0 0.7044444444444444 0.42375 0.01888888888888889 0.0425
