0 0.09861111111111111 0.23583333333333334 0.012777777777777779 0.03333333333333333
0 0.14944444444444444 0.2275 0.012777777777777779 0.03333333333333333
0 0.3005555555555556 0.3075 0.012777777777777779 0.03333333333333333
0 0.39944444444444444 0.1575 0.012777777777777779 0.03333333333333333
0 0.31722222222222224 0.6025 0.012777777777777779 0.03333333333333333
0 0.16666666666666666 0.6716666666666666 0.012777777777777779 0.03333333333333333
0 0.7894444444444444 0.5958333333333333 0.012777777777777779 0.03333333333333333
0 0.7533333333333333 0.7375 0.012777777777777779 0.03333333333333333
0 0.10388888888888889 0.38166666666666665 0.012777777777777779 0.03333333333333333
0 0.3283333333333333 0.23 0.012777777777777779 0.03333333333333333
0 0.7094444444444444 0.16083333333333333 0.012777777777777779 0.03333333333333333
0 0.3288888888888889 0.305 0.012777777777777779 0.03333333333333333
0 0.1 0.8158333333333333 0.012777777777777779 0.03333333333333333
0 0.44555555555555554 0.155 0.012777777777777779 0.03333333333333333
0 0.8383333333333334 0.6533333333333333 0.012777777777777779 0.03333333333333333
0 0.09888888888888889 0.6783333333333333 0.012777777777777779 0.03333333333333333
0 0.42444444444444446 0.3016666666666667 0.012777777777777779 0.03333333333333333
0 0.12111111111111111 0.5925 0.012777777777777779 0.03333333333333333
0 0.09944444444444445 0.5758333333333333 0.012777777777777779 0.03333333333333333
0 0.375 0.3016666666666667 0.012777777777777779 0.03333333333333333
0 0.785 0.7433333333333333 0.012777777777777779 0.03333333333333333
0 0.5011111111111111 0.7566666666666667 0.012777777777777779 0.03333333333333333
0 0.33055555555555555 0.15833333333333333 0.012777777777777779 0.03333333333333333
0 0.3011111111111111 0.16083333333333333 0.012777777777777779 0.03333333333333333
0 0.39666666666666667 0.2991666666666667 0.012777777777777779 0.03333333333333333
0 0.13722222222222222 0.46416666666666667 0.012777777777777779 0.03333333333333333
0 0.3522222222222222 0.15916666666666668 0.012777777777777779 0.03333333333333333
0 0.46944444444444444 0.23083333333333333 0.012777777777777779 0.03333333333333333
0 0.5061111111111111 0.36916666666666664 0.012777777777777779 0.03333333333333333
0 0.39944444444444444 0.2275 0.012777777777777779 0.03333333333333333
0 0.4222222222222222 0.22916666666666666 0.012777777777777779 0.03333333333333333
0 0.14277777777777778 0.59 0.012777777777777779 0.03333333333333333
0 0.23277777777777778 0.6683333333333333 0.012777777777777779 0.03333333333333333
0 0.7105555555555556 0.37666666666666665 0.012777777777777779 0.03333333333333333
0 0.5105555555555555 0.8883333333333333 0.012777777777777779 0.03333333333333333
0 0.20055555555555554 0.23083333333333333 0.012777777777777779 0.03333333333333333
0 0.4461111111111111 0.23083333333333333 0.012777777777777779 0.03333333333333333
0 0.37555555555555553 0.22916666666666666 0.012777777777777779 0.03333333333333333
0 0.31166666666666665 0.8175 0.012777777777777779 0.03333333333333333
0 0.34944444444444445 0.2275 0.012777777777777779 0.03333333333333333
0 0.37555555555555553 0.16083333333333333 0.012777777777777779 0.03333333333333333
0 0.42277777777777775 0.1575 0.012777777777777779 0.03333333333333333
0 0.4716666666666667 0.15083333333333335 0.012777777777777779 0.03333333333333333
0 0.7511111111111111 0.665 0.012777777777777779 0.03333333333333333
0 0.5133333333333333 0.5225 0.012777777777777779 0.03333333333333333
0 0.3527777777777778 0.3025 0.012777777777777779 0.03333333333333333
0 0.5311111111111111 0.7425 0.012777777777777779 0.03333333333333333
0 0.5116666666666667 0.1625 0.012777777777777779 0.03333333333333333
0 0.4688888888888889 0.29833333333333334 0.012777777777777779 0.03333333333333333
0 0.3061111111111111 0.23083333333333333 0.012777777777777779 0.03333333333333333
0 0.715 0.6 0.012777777777777779 0.03333333333333333
0 0.4444444444444444 0.30083333333333334 0.012777777777777779 0.03333333333333333
0 0.1738888888888889 0.22833333333333333 0.012777777777777779 0.03333333333333333
