0 0.12083333333333333 0.22666666666666666 0.01611111111111111 0.03666666666666667
0 0.12166666666666667 0.6491666666666667 0.01611111111111111 0.03666666666666667
0 0.7416666666666667 0.23416666666666666 0.01611111111111111 0.03666666666666667
0 0.3461111111111111 0.40166666666666667 0.01611111111111111 0.03666666666666667
0 0.3527777777777778 0.6475 0.01611111111111111 0.03666666666666667
0 0.18333333333333332 0.22166666666666668 0.01611111111111111 0.03666666666666667
0 0.31666666666666665 0.8733333333333333 0.01611111111111111 0.03666666666666667
0 0.12833333333333333 0.8325 0.01611111111111111 0.03666666666666667
0 0.5066666666666667 0.135 0.01611111111111111 0.03666666666666667
0 0.3233333333333333 0.1525 0.01611111111111111 0.03666666666666667
0 0.5072222222222222 0.54 0.01611111111111111 0.03666666666666667
