0 0.5086666666666667 0.7845 0.012 0.031
0 0.5346666666666666 0.782 0.013333333333333334 0.034
0 0.7746666666666666 0.6 0.012 0.026
0 0.82 0.5985 0.012 0.029
0 0.729 0.595 0.011333333333333334 0.03
0 0.509 0.5635 0.012666666666666666 0.031
0 0.7276666666666667 0.525 0.011333333333333334 0.028
0 0.868 0.5235 0.012 0.027
0 0.8246666666666667 0.525 0.012 0.03
0 0.799 0.521 0.011333333333333334 0.026
0 0.7523333333333333 0.5205 0.012666666666666666 0.029
0 0.726 0.4535 0.012 0.027
0 0.703 0.455 0.012666666666666666 0.03
0 0.751 0.4525 0.012666666666666666 0.031
0 0.8206666666666667 0.451 0.013333333333333334 0.03
0 0.798 0.4495 0.012 0.027
0 0.775 0.4475 0.011333333333333334 0.027
0 0.8456666666666667 0.446 0.011333333333333334 0.026
0 0.431 0.3985 0.015333333333333332 0.041
0 0.35533333333333333 0.3965 0.014666666666666666 0.037
0 0.37833333333333335 0.397 0.015333333333333332 0.04
0 0.4033333333333333 0.392 0.013333333333333334 0.036
0 0.3313333333333333 0.391 0.013333333333333334 0.034
0 0.455 0.393 0.015333333333333332 0.042
0 0.30566666666666664 0.388 0.014 0.036
0 0.799 0.3765 0.011333333333333334 0.025
0 0.751 0.375 0.011333333333333334 0.026
0 0.842 0.3755 0.012 0.029
0 0.728 0.3745 0.012 0.027
0 0.8213333333333334 0.373 0.010666666666666666 0.026
0 0.7033333333333334 0.3735 0.012 0.027
0 0.7736666666666666 0.372 0.011333333333333334 0.028
0 0.145 0.3705 0.011333333333333334 0.025
0 0.867 0.3715 0.011333333333333334 0.029
0 0.12366666666666666 0.37 0.012666666666666666 0.032
0 0.101 0.364 0.014 0.038
0 0.7756666666666666 0.302 0.012666666666666666 0.03
0 0.751 0.302 0.012666666666666666 0.03
0 0.8676666666666667 0.3 0.012666666666666666 0.028
0 0.845 0.3 0.012666666666666666 0.03
0 0.7276666666666667 0.3 0.012666666666666666 0.03
0 0.8213333333333334 0.2965 0.012 0.029
0 0.8023333333333333 0.296 0.012666666666666666 0.03
0 0.141 0.296 0.014 0.03
0 0.12 0.298 0.016 0.038
0 0.09466666666666666 0.2965 0.013333333333333334 0.037
0 0.264 0.2895 0.013333333333333334 0.037
0 0.196 0.285 0.012 0.032
0 0.24166666666666667 0.283 0.014 0.036
0 0.168 0.2805 0.013333333333333334 0.031
0 0.7523333333333333 0.228 0.012666666666666666 0.03
0 0.801 0.227 0.012666666666666666 0.03
0 0.728 0.225 0.012 0.028
0 0.775 0.226 0.012666666666666666 0.032
0 0.8223333333333334 0.224 0.012666666666666666 0.03
0 0.705 0.2235 0.012666666666666666 0.029
0 0.508 0.221 0.013333333333333334 0.026
0 0.8453333333333334 0.222 0.013333333333333334 0.03
0 0.869 0.221 0.012666666666666666 0.03
0 0.23433333333333334 0.218 0.011333333333333334 0.024
0 0.212 0.225 0.016 0.038
0 0.25866666666666666 0.2245 0.014666666666666666 0.039
0 0.17633333333333334 0.221 0.014 0.036
0 0.19366666666666665 0.2205 0.012666666666666666 0.037
0 0.098 0.2195 0.014666666666666666 0.037
0 0.6573333333333333 0.2145 0.012 0.029
0 0.6056666666666667 0.2085 0.012666666666666666 0.029
0 0.6313333333333333 0.2055 0.012 0.029
0 0.5786666666666667 0.203 0.013333333333333334 0.032
0 0.11833333333333333 0.205 0.014 0.036
0 0.533 0.201 0.012666666666666666 0.03
0 0.5563333333333333 0.201 0.012666666666666666 0.032
0 0.7296666666666667 0.153 0.011333333333333334 0.028
0 0.8006666666666666 0.152 0.012 0.028
0 0.7056666666666667 0.151 0.012666666666666666 0.03
0 0.7766666666666666 0.1495 0.012 0.029
0 0.824 0.1475 0.012 0.027
0 0.754 0.1475 0.012 0.027
0 0.8466666666666667 0.146 0.012 0.028
0 0.8713333333333333 0.145 0.012 0.028
0 0.37466666666666665 0.1465 0.014666666666666666 0.039
0 0.3393333333333333 0.1445 0.013333333333333334 0.037
0 0.30966666666666665 0.144 0.016666666666666666 0.04
0 0.14472222222222222 0.21625 0.017222222222222222 0.0375
0 0.21777777777777776 0.29041666666666666 0.016666666666666666 0.0275
0 0.7033333333333334 0.5966666666666667 0.016666666666666666 0.0275
0 0.8433333333333334 0.5183333333333333 0.016666666666666666 0.0275
0 0.7977777777777778 0.5991666666666666 0.016666666666666666 0.0275
0 0.7027777777777777 0.5233333333333333 0.016666666666666666 0.0275
0 0.7744444444444445 0.5241666666666667 0.016666666666666666 0.0275
0 0.8683333333333333 0.44916666666666666 0.016666666666666666 0.0275
0 0.7022222222222222 0.30083333333333334 0.016666666666666666 0.0275
0 0.7494444444444445 0.6041666666666666 0.016666666666666666 0.0275
