0 0.12 0.9155 0.028 0.063
0 0.24533333333333332 0.9105 0.017333333333333333 0.055
0 0.14466666666666667 0.9125 0.025333333333333333 0.059
0 0.219 0.9115 0.020666666666666667 0.059
0 0.194 0.9105 0.025333333333333333 0.057
0 0.16866666666666666 0.91 0.029333333333333333 0.062
0 0.27 0.904 0.024 0.058
0 0.17033333333333334 0.8475 0.028666666666666667 0.067
0 0.14466666666666667 0.845 0.028 0.064
0 0.195 0.8475 0.03266666666666666 0.071
0 0.221 0.8395 0.028666666666666667 0.061
0 0.24366666666666667 0.8385 0.028666666666666667 0.065
0 0.26866666666666666 0.839 0.030666666666666665 0.068
0 0.096 0.77 0.032 0.066
0 0.16966666666666666 0.7725 0.028666666666666667 0.073
0 0.14533333333333334 0.7695 0.030666666666666665 0.067
0 0.12133333333333333 0.7715 0.032 0.075
0 0.21866666666666668 0.767 0.029333333333333333 0.068
0 0.194 0.7665 0.030666666666666665 0.069
0 0.21833333333333332 0.6955 0.027333333333333334 0.061
0 0.24433333333333335 0.6935 0.03266666666666666 0.069
0 0.123 0.692 0.028666666666666667 0.066
0 0.09766666666666667 0.6945 0.03133333333333333 0.071
0 0.26866666666666666 0.6885 0.02666666666666667 0.061
0 0.19733333333333333 0.6895 0.029333333333333333 0.063
0 0.3006666666666667 0.684 0.028 0.064
0 0.34933333333333333 0.6805 0.028 0.061
0 0.32233333333333336 0.683 0.03133333333333333 0.068
0 0.14566666666666667 0.617 0.026 0.064
0 0.17066666666666666 0.6205 0.032 0.077
0 0.22033333333333333 0.6165 0.028666666666666667 0.071
0 0.24266666666666667 0.614 0.029333333333333333 0.068
0 0.19633333333333333 0.6185 0.03266666666666666 0.077
0 0.09733333333333333 0.6125 0.028 0.065
0 0.373 0.6095 0.027333333333333334 0.063
0 0.2673333333333333 0.615 0.032 0.074
0 0.122 0.613 0.029333333333333333 0.07
0 0.472 0.6115 0.030666666666666665 0.069
0 0.30033333333333334 0.6095 0.03133333333333333 0.065
0 0.34933333333333333 0.6075 0.028 0.065
0 0.42233333333333334 0.607 0.028666666666666667 0.066
0 0.397 0.61 0.03 0.072
0 0.447 0.6095 0.03 0.073
0 0.21666666666666667 0.541 0.030666666666666665 0.07
0 0.3473333333333333 0.5375 0.028 0.065
0 0.16933333333333334 0.538 0.02666666666666667 0.066
0 0.144 0.541 0.032 0.072
0 0.09633333333333334 0.5385 0.03133333333333333 0.067
0 0.12066666666666667 0.5405 0.034666666666666665 0.073
0 0.324 0.5375 0.032 0.069
0 0.266 0.5385 0.029333333333333333 0.071
0 0.19133333333333333 0.5415 0.032 0.077
0 0.29833333333333334 0.538 0.03133333333333333 0.072
0 0.371 0.5375 0.034 0.073
0 0.24 0.5365 0.030666666666666665 0.071
0 0.396 0.536 0.032 0.072
0 0.469 0.538 0.034 0.078
0 0.44533333333333336 0.539 0.032 0.08
0 0.4216666666666667 0.5375 0.03133333333333333 0.077
0 0.12 0.4655 0.028 0.063
0 0.09566666666666666 0.466 0.028666666666666667 0.064
0 0.24233333333333335 0.4635 0.027333333333333334 0.063
0 0.299 0.4645 0.03 0.067
0 0.4676666666666667 0.4635 0.03266666666666666 0.071
0 0.37066666666666664 0.4655 0.03333333333333333 0.075
0 0.19266666666666668 0.4615 0.032 0.067
0 0.145 0.461 0.028666666666666667 0.066
0 0.32366666666666666 0.464 0.03 0.074
0 0.44166666666666665 0.467 0.03266666666666666 0.082
0 0.3473333333333333 0.4625 0.030666666666666665 0.073
0 0.17 0.46 0.030666666666666665 0.068
0 0.21733333333333332 0.46 0.032 0.07
0 0.418 0.463 0.032 0.078
0 0.36966666666666664 0.3935 0.028666666666666667 0.069
0 0.41533333333333333 0.394 0.032 0.072
0 0.29933333333333334 0.396 0.032 0.078
0 0.11966666666666667 0.39 0.028666666666666667 0.066
0 0.096 0.3905 0.028 0.067
0 0.14466666666666667 0.3865 0.025333333333333333 0.061
0 0.4666666666666667 0.3895 0.030666666666666665 0.069
0 0.194 0.389 0.032 0.068
0 0.21733333333333332 0.3875 0.030666666666666665 0.069
0 0.16766666666666666 0.387 0.03133333333333333 0.068
0 0.44033333333333335 0.393 0.034 0.084
0 0.9583333333333334 0.655 0.08333333333333333 0.632
0 0.4686666666666667 0.3215 0.029333333333333333 0.067
0 0.298 0.32 0.032 0.07
0 0.44366666666666665 0.321 0.03133333333333333 0.074
0 0.4196666666666667 0.318 0.03266666666666666 0.074
0 0.39566666666666667 0.3175 0.03266666666666666 0.073
0 0.36966666666666664 0.3175 0.034 0.075
0 0.553 0.313 0.03133333333333333 0.072
0 0.5286666666666666 0.3115 0.029333333333333333 0.069
0 0.5043333333333333 0.306 0.03266666666666666 0.078
0 0.369 0.25 0.03 0.068
0 0.296 0.247 0.028 0.066
0 0.4693333333333333 0.2485 0.030666666666666665 0.071
0 0.3473333333333333 0.2475 0.03333333333333333 0.073
0 0.32233333333333336 0.246 0.034 0.07
0 0.41933333333333334 0.2475 0.032 0.075
0 0.44366666666666665 0.2455 0.03266666666666666 0.075
0 0.3963333333333333 0.2455 0.03266666666666666 0.075
0 0.6716666666666666 0.2405 0.027333333333333334 0.067
0 0.649 0.24 0.026 0.066
0 0.6233333333333333 0.243 0.034666666666666665 0.076
0 0.528 0.24 0.030666666666666665 0.07
0 0.602 0.2395 0.03333333333333333 0.071
0 0.5513333333333333 0.2405 0.032 0.073
0 0.504 0.239 0.030666666666666665 0.072
0 0.5766666666666667 0.239 0.030666666666666665 0.078
0 0.32066666666666666 0.1745 0.028 0.069
0 0.44333333333333336 0.175 0.032 0.072
0 0.674 0.172 0.029333333333333333 0.068
0 0.652 0.171 0.028 0.066
0 0.37066666666666664 0.173 0.032 0.07
0 0.29633333333333334 0.175 0.03133333333333333 0.074
0 0.5743333333333334 0.1715 0.022 0.069
0 0.4693333333333333 0.1725 0.030666666666666665 0.075
0 0.626 0.168 0.028 0.068
0 0.5533333333333333 0.169 0.032 0.07
0 0.39166666666666666 0.172 0.034 0.078
0 0.6023333333333334 0.167 0.03133333333333333 0.07
0 0.3433333333333333 0.17 0.03333333333333333 0.076
0 0.5276666666666666 0.167 0.03 0.074
0 0.2966666666666667 0.106 0.02666666666666667 0.068
0 0.4693333333333333 0.1025 0.029333333333333333 0.069
0 0.444 0.102 0.028 0.07
0 0.37 0.1035 0.029333333333333333 0.073
0 0.31833333333333336 0.101 0.028666666666666667 0.068
0 0.529 0.101 0.03133333333333333 0.07
0 0.626 0.0995 0.029333333333333333 0.069
0 0.3453333333333333 0.1015 0.030666666666666665 0.073
0 0.6456666666666667 0.097 0.024666666666666667 0.066
0 0.5776666666666667 0.1 0.03266666666666666 0.074
0 0.6013333333333334 0.0955 0.02666666666666667 0.067
0 0.5526666666666666 0.096 0.030666666666666665 0.072
0 0.004 0.0265 0.008 0.053
0 0.6758333333333333 0.1 0.02722222222222222 0.06666666666666667
0 0.09833333333333333 0.8483333333333334 0.02722222222222222 0.06666666666666667
0 0.39444444444444443 0.09833333333333333 0.02722222222222222 0.06666666666666667
0 0.12333333333333334 0.8525 0.02722222222222222 0.06666666666666667
0 0.09555555555555556 0.9225 0.02722222222222222 0.06666666666666667
0 0.32222222222222224 0.3958333333333333 0.02722222222222222 0.06666666666666667
0 0.39444444444444443 0.3983333333333333 0.02722222222222222 0.06666666666666667
0 0.345 0.32416666666666666 0.02722222222222222 0.06666666666666667
0 0.3438888888888889 0.39166666666666666 0.02722222222222222 0.06666666666666667
0 0.14777777777777779 0.7016666666666667 0.02722222222222222 0.06666666666666667
0 0.5088888888888888 0.16916666666666666 0.02722222222222222 0.06666666666666667
0 0.5777777777777777 0.3075 0.02722222222222222 0.06666666666666667
0 0.42277777777777775 0.09916666666666667 0.02722222222222222 0.06666666666666667
0 0.17333333333333334 0.7 0.02722222222222222 0.06666666666666667
0 0.5988888888888889 0.31333333333333335 0.02722222222222222 0.06666666666666667
0 0.41833333333333333 0.17166666666666666 0.02722222222222222 0.06666666666666667
0 0.3238888888888889 0.32416666666666666 0.02722222222222222 0.06666666666666667
0 0.39555555555555555 0.47 0.02722222222222222 0.06666666666666667
0 0.5066666666666667 0.10083333333333333 0.02722222222222222 0.06666666666666667
