0 0.12333333333333334 0.22291666666666668 0.013333333333333334 0.03916666666666667
0 0.775 0.32416666666666666 0.013333333333333334 0.03916666666666667
0 0.5094444444444445 0.8916666666666667 0.013333333333333334 0.03916666666666667
0 0.1688888888888889 0.36916666666666664 0.013333333333333334 0.03916666666666667
0 0.14444444444444443 0.2975 0.013333333333333334 0.03916666666666667
0 0.6488888888888888 0.605 0.013333333333333334 0.03916666666666667
0 0.14777777777777779 0.22833333333333333 0.013333333333333334 0.03916666666666667
0 0.2677777777777778 0.23083333333333333 0.013333333333333334 0.03916666666666667
0 0.325 0.5991666666666666 0.013333333333333334 0.03916666666666667
0 0.38055555555555554 0.8508333333333333 0.013333333333333334 0.03916666666666667
0 0.5288888888888889 0.6883333333333334 0.013333333333333334 0.03916666666666667
0 0.26555555555555554 0.2975 0.013333333333333334 0.03916666666666667
0 0.14333333333333334 0.3725 0.013333333333333334 0.03916666666666667
0 0.10166666666666667 0.8975 0.013333333333333334 0.03916666666666667
0 0.5305555555555556 0.1425 0.013333333333333334 0.03916666666666667
0 0.7083333333333334 0.15583333333333332 0.013333333333333334 0.03916666666666667
0 0.3988888888888889 0.5958333333333333 0.013333333333333334 0.03916666666666667
0 0.32666666666666666 0.8466666666666667 0.013333333333333334 0.03916666666666667
0 0.8172222222222222 0.8991666666666667 0.013333333333333334 0.03916666666666667
0 0.24055555555555555 0.22916666666666666 0.013333333333333334 0.03916666666666667
0 0.12166666666666667 0.2975 0.013333333333333334 0.03916666666666667
0 0.5083333333333333 0.6016666666666667 0.013333333333333334 0.03916666666666667
0 0.7344444444444445 0.7366666666666667 0.013333333333333334 0.03916666666666667
0 0.42388888888888887 0.59 0.013333333333333334 0.03916666666666667
0 0.37333333333333335 0.5983333333333334 0.013333333333333334 0.03916666666666667
0 0.09722222222222222 0.30083333333333334 0.013333333333333334 0.03916666666666667
0 0.7255555555555555 0.3225 0.013333333333333334 0.03916666666666667
0 0.19555555555555557 0.22916666666666666 0.013333333333333334 0.03916666666666667
0 0.12666666666666668 0.7291666666666666 0.013333333333333334 0.03916666666666667
0 0.4483333333333333 0.5908333333333333 0.013333333333333334 0.03916666666666667
0 0.5022222222222222 0.6866666666666666 0.013333333333333334 0.03916666666666667
0 0.7155555555555555 0.5991666666666666 0.013333333333333334 0.03916666666666667
0 0.35555555555555557 0.8483333333333334 0.013333333333333334 0.03916666666666667
0 0.30444444444444446 0.415 0.013333333333333334 0.03916666666666667
0 0.7061111111111111 0.7333333333333333 0.013333333333333334 0.03916666666666667
0 0.21722222222222223 0.2966666666666667 0.013333333333333334 0.03916666666666667
0 0.17055555555555554 0.22583333333333333 0.013333333333333334 0.03916666666666667
0 0.72 0.4658333333333333 0.013333333333333334 0.03916666666666667
0 0.505 0.14666666666666667 0.013333333333333334 0.03916666666666667
0 0.6033333333333334 0.6033333333333334 0.013333333333333334 0.03916666666666667
0 0.7522222222222222 0.3225 0.013333333333333334 0.03916666666666667
0 0.7055555555555556 0.89 0.013333333333333334 0.03916666666666667
0 0.7611111111111111 0.7358333333333333 0.013333333333333334 0.03916666666666667
0 0.35055555555555556 0.6033333333333334 0.013333333333333334 0.03916666666666667
0 0.6705555555555556 0.6016666666666667 0.013333333333333334 0.03916666666666667
0 0.09722222222222222 0.5758333333333333 0.013333333333333334 0.03916666666666667
0 0.5538888888888889 0.5991666666666666 0.013333333333333334 0.03916666666666667
0 0.23833333333333334 0.2975 0.013333333333333334 0.03916666666666667
0 0.12333333333333334 0.8925 0.013333333333333334 0.03916666666666667
0 0.7044444444444444 0.3225 0.013333333333333334 0.03916666666666667
0 0.19555555555555557 0.2991666666666667 0.013333333333333334 0.03916666666666667
0 0.8677777777777778 0.6008333333333333 0.013333333333333334 0.03916666666666667
0 0.21722222222222223 0.22916666666666666 0.013333333333333334 0.03916666666666667
0 0.30722222222222223 0.155 0.013333333333333334 0.03916666666666667
0 0.11944444444444445 0.36833333333333335 0.013333333333333334 0.03916666666666667
0 0.5805555555555556 0.6008333333333333 0.013333333333333334 0.03916666666666667
0 0.09722222222222222 0.3675 0.013333333333333334 0.03916666666666667
0 0.13055555555555556 0.58 0.013333333333333334 0.03916666666666667
0 0.6272222222222222 0.6033333333333334 0.013333333333333334 0.03916666666666667
0 0.5311111111111111 0.5983333333333334 0.013333333333333334 0.03916666666666667
0 0.16833333333333333 0.2991666666666667 0.013333333333333334 0.03916666666666667
0 0.5094444444444445 0.3958333333333333 0.013333333333333334 0.03916666666666667
