0 0.875 0.892 0.012666666666666666 0.042
0 0.9 0.8885 0.012 0.043
0 0.49366666666666664 0.883 0.012666666666666666 0.034
0 0.7366666666666667 0.886 0.012 0.042
0 0.8453333333333334 0.8855 0.012 0.043
0 0.8196666666666667 0.885 0.012666666666666666 0.042
0 0.792 0.884 0.012 0.042
0 0.7643333333333333 0.883 0.012666666666666666 0.042
0 0.464 0.883 0.012 0.042
0 0.38066666666666665 0.8825 0.012 0.043
0 0.21 0.8635 0.012 0.037
0 0.288 0.865 0.012 0.042
0 0.2633333333333333 0.8625 0.012 0.039
0 0.23733333333333334 0.8625 0.012 0.041
0 0.7383333333333333 0.815 0.012666666666666666 0.042
0 0.8993333333333333 0.814 0.014666666666666666 0.042
0 0.8173333333333334 0.814 0.013333333333333334 0.042
0 0.5353333333333333 0.8135 0.012 0.041
0 0.8736666666666667 0.8135 0.012666666666666666 0.043
0 0.765 0.812 0.012666666666666666 0.042
0 0.35533333333333333 0.812 0.013333333333333334 0.042
0 0.7913333333333333 0.81 0.012 0.042
0 0.49266666666666664 0.81 0.012 0.042
0 0.38333333333333336 0.808 0.012 0.038
0 0.437 0.809 0.011333333333333334 0.042
0 0.4093333333333333 0.809 0.012 0.042
0 0.4653333333333333 0.808 0.012 0.042
0 0.26166666666666666 0.7875 0.012666666666666666 0.035
0 0.20933333333333334 0.7895 0.012 0.041
0 0.18333333333333332 0.7885 0.012 0.041
0 0.287 0.7875 0.011333333333333334 0.041
0 0.132 0.787 0.012 0.04
0 0.15733333333333333 0.781 0.012 0.032
0 0.23733333333333334 0.7825 0.012 0.041
0 0.8746666666666667 0.741 0.013333333333333334 0.042
0 0.7923333333333333 0.741 0.012666666666666666 0.042
0 0.901 0.74 0.012666666666666666 0.042
0 0.8453333333333334 0.739 0.013333333333333334 0.042
0 0.7663333333333333 0.739 0.012666666666666666 0.042
0 0.8176666666666667 0.738 0.012666666666666666 0.042
0 0.6426666666666667 0.7375 0.012 0.041
0 0.6173333333333333 0.738 0.012 0.042
0 0.5886666666666667 0.738 0.012 0.042
0 0.5343333333333333 0.7375 0.012666666666666666 0.041
0 0.74 0.737 0.012 0.042
0 0.6966666666666667 0.737 0.012 0.042
0 0.3283333333333333 0.7355 0.011333333333333334 0.041
0 0.5613333333333334 0.7335 0.012 0.041
0 0.13066666666666665 0.7185 0.013333333333333334 0.041
0 0.2623333333333333 0.714 0.012666666666666666 0.04
0 0.29 0.714 0.012 0.042
0 0.15666666666666668 0.7135 0.013333333333333334 0.041
0 0.236 0.7105 0.012 0.041
0 0.20933333333333334 0.7105 0.012 0.041
0 0.183 0.7105 0.011333333333333334 0.041
0 0.8736666666666667 0.672 0.014 0.042
0 0.8476666666666667 0.672 0.012666666666666666 0.042
0 0.7926666666666666 0.67 0.013333333333333334 0.042
0 0.9003333333333333 0.669 0.012666666666666666 0.042
0 0.822 0.668 0.012 0.042
0 0.766 0.663 0.013333333333333334 0.032
0 0.7403333333333333 0.6675 0.012666666666666666 0.041
0 0.669 0.6645 0.012666666666666666 0.041
0 0.49366666666666664 0.664 0.011333333333333334 0.042
0 0.6983333333333334 0.6615 0.012666666666666666 0.041
0 0.6183333333333333 0.658 0.012666666666666666 0.034
0 0.589 0.6615 0.012666666666666666 0.041
0 0.5623333333333334 0.6615 0.012666666666666666 0.041
0 0.466 0.662 0.012 0.042
0 0.44 0.657 0.012 0.032
0 0.38433333333333336 0.6605 0.011333333333333334 0.041
0 0.6423333333333333 0.6595 0.012666666666666666 0.041
0 0.5363333333333333 0.6595 0.012666666666666666 0.041
0 0.33 0.6585 0.012 0.041
0 0.3586666666666667 0.6575 0.012 0.041
0 0.2896666666666667 0.641 0.012666666666666666 0.042
0 0.20966666666666667 0.6405 0.012666666666666666 0.041
0 0.15533333333333332 0.6395 0.012 0.041
0 0.2613333333333333 0.638 0.012 0.042
0 0.23433333333333334 0.638 0.012666666666666666 0.042
0 0.18333333333333332 0.638 0.012 0.042
0 0.13266666666666665 0.638 0.012 0.042
0 0.8206666666666667 0.597 0.012 0.042
0 0.768 0.5965 0.012 0.041
0 0.8763333333333333 0.594 0.012666666666666666 0.042
0 0.7946666666666666 0.594 0.012 0.042
0 0.9016666666666666 0.593 0.012666666666666666 0.042
0 0.8496666666666667 0.592 0.012666666666666666 0.042
0 0.7423333333333333 0.589 0.012666666666666666 0.042
0 0.6696666666666666 0.589 0.012666666666666666 0.042
0 0.5886666666666667 0.589 0.012 0.042
0 0.412 0.589 0.012 0.042
0 0.6446666666666667 0.5875 0.012 0.041
0 0.6176666666666667 0.5875 0.012666666666666666 0.041
0 0.496 0.5875 0.012 0.041
0 0.563 0.5865 0.012666666666666666 0.041
0 0.356 0.5815 0.012 0.031
0 0.5356666666666666 0.5855 0.012666666666666666 0.041
0 0.329 0.5805 0.011333333333333334 0.031
0 0.38566666666666666 0.585 0.011333333333333334 0.042
0 0.698 0.5845 0.013333333333333334 0.043
0 0.44033333333333335 0.584 0.012666666666666666 0.042
0 0.466 0.582 0.012 0.042
0 0.182 0.5665 0.012 0.041
0 0.15533333333333332 0.5645 0.012 0.041
0 0.13066666666666665 0.562 0.012 0.036
0 0.28733333333333333 0.563 0.012 0.04
0 0.26166666666666666 0.5635 0.011333333333333334 0.041
0 0.21 0.5605 0.012 0.041
0 0.23566666666666666 0.5585 0.011333333333333334 0.041
0 0.7416666666666667 0.519 0.012666666666666666 0.042
0 0.849 0.518 0.012666666666666666 0.042
0 0.796 0.518 0.012 0.042
0 0.769 0.518 0.012666666666666666 0.042
0 0.823 0.517 0.012666666666666666 0.042
0 0.8766666666666667 0.516 0.012 0.042
0 0.903 0.509 0.012666666666666666 0.032
0 0.5886666666666667 0.514 0.012 0.042
0 0.699 0.513 0.012666666666666666 0.042
0 0.5616666666666666 0.5115 0.012666666666666666 0.041
0 0.4116666666666667 0.512 0.011333333333333334 0.042
0 0.3293333333333333 0.5115 0.012 0.041
0 0.671 0.511 0.012666666666666666 0.042
0 0.6443333333333333 0.5065 0.012666666666666666 0.033
0 0.4666666666666667 0.511 0.012 0.042
0 0.3863333333333333 0.5105 0.011333333333333334 0.041
0 0.5366666666666666 0.506 0.012 0.034
0 0.49533333333333335 0.5095 0.012 0.041
0 0.3566666666666667 0.505 0.012 0.032
0 0.6146666666666667 0.509 0.012 0.042
0 0.44066666666666665 0.5005 0.012 0.029
0 0.208 0.4905 0.012 0.041
0 0.234 0.4895 0.012 0.041
0 0.15666666666666668 0.4885 0.012 0.041
0 0.28833333333333333 0.488 0.011333333333333334 0.042
0 0.26033333333333336 0.488 0.012666666666666666 0.042
0 0.183 0.487 0.011333333333333334 0.042
0 0.13133333333333333 0.4845 0.012 0.041
0 0.9043333333333333 0.444 0.012666666666666666 0.042
0 0.8783333333333333 0.4365 0.012666666666666666 0.031
0 0.796 0.442 0.012 0.042
0 0.7696666666666667 0.4415 0.012666666666666666 0.041
0 0.7423333333333333 0.44 0.012666666666666666 0.042
0 0.467 0.439 0.011333333333333334 0.042
0 0.35733333333333334 0.4385 0.012 0.041
0 0.853 0.438 0.012666666666666666 0.042
0 0.8246666666666667 0.438 0.012 0.042
0 0.7003333333333334 0.438 0.012666666666666666 0.042
0 0.44 0.438 0.012 0.042
0 0.5356666666666666 0.437 0.012666666666666666 0.042
0 0.49466666666666664 0.4315 0.012 0.031
0 0.5613333333333334 0.436 0.012 0.042
0 0.329 0.4355 0.011333333333333334 0.041
0 0.671 0.435 0.012666666666666666 0.042
0 0.41133333333333333 0.4345 0.012 0.041
0 0.386 0.435 0.012 0.042
0 0.6433333333333333 0.4335 0.012 0.041
0 0.6153333333333333 0.434 0.012 0.042
0 0.5883333333333334 0.434 0.012666666666666666 0.042
0 0.184 0.411 0.012 0.032
0 0.13133333333333333 0.4155 0.012 0.041
0 0.15733333333333333 0.4145 0.012 0.041
0 0.2633333333333333 0.4135 0.012 0.041
0 0.236 0.413 0.012 0.042
0 0.2896666666666667 0.4115 0.011333333333333334 0.041
0 0.20933333333333334 0.406 0.012 0.032
0 0.8783333333333333 0.3605 0.012666666666666666 0.031
0 0.8256666666666667 0.361 0.012666666666666666 0.032
0 0.77 0.36 0.012 0.03
0 0.3313333333333333 0.3615 0.012 0.033
0 0.7963333333333333 0.365 0.012666666666666666 0.042
0 0.9043333333333333 0.3625 0.012666666666666666 0.041
0 0.743 0.362 0.012666666666666666 0.04
0 0.537 0.3625 0.012666666666666666 0.041
0 0.49466666666666664 0.363 0.012 0.042
0 0.43966666666666665 0.3585 0.011333333333333334 0.033
0 0.4126666666666667 0.3575 0.012 0.031
0 0.852 0.362 0.013333333333333334 0.042
0 0.6993333333333334 0.362 0.012 0.042
0 0.386 0.3555 0.012 0.029
0 0.5626666666666666 0.3595 0.012 0.041
0 0.466 0.355 0.012 0.032
0 0.672 0.3585 0.012 0.041
0 0.6446666666666667 0.3595 0.012 0.043
0 0.59 0.359 0.012 0.042
0 0.616 0.357 0.012 0.042
0 0.2896666666666667 0.3405 0.011333333333333334 0.041
0 0.263 0.3395 0.011333333333333334 0.041
0 0.181 0.34 0.011333333333333334 0.042
0 0.20966666666666667 0.3385 0.012666666666666666 0.041
0 0.23533333333333334 0.338 0.012 0.042
0 0.15433333333333332 0.338 0.012666666666666666 0.042
0 0.13166666666666665 0.337 0.011333333333333334 0.042
0 0.8786666666666667 0.293 0.012 0.042
0 0.38466666666666666 0.291 0.012 0.042
0 0.799 0.29 0.011333333333333334 0.042
0 0.438 0.2885 0.012 0.041
0 0.4116666666666667 0.2845 0.011333333333333334 0.033
0 0.494 0.283 0.012 0.032
0 0.6166666666666667 0.2865 0.012 0.041
0 0.671 0.286 0.012666666666666666 0.042
0 0.644 0.286 0.012 0.042
0 0.6986666666666667 0.281 0.012 0.034
0 0.5626666666666666 0.285 0.012 0.042
0 0.8246666666666667 0.279 0.012 0.032
0 0.589 0.2835 0.012666666666666666 0.041
0 0.771 0.2775 0.012666666666666666 0.033
0 0.5366666666666666 0.277 0.012 0.032
0 0.744 0.281 0.012 0.042
0 0.15466666666666667 0.264 0.012 0.042
0 0.289 0.2565 0.012666666666666666 0.031
0 0.207 0.2615 0.012666666666666666 0.041
0 0.18366666666666667 0.257 0.011333333333333334 0.032
0 0.2633333333333333 0.26 0.012 0.04
0 0.12933333333333333 0.2615 0.012 0.043
0 0.23533333333333334 0.254 0.012 0.03
0 0.565 0.207 0.011333333333333334 0.032
0 0.5366666666666666 0.205 0.012 0.03
0 0.32966666666666666 0.211 0.012666666666666666 0.042
0 0.7006666666666667 0.2095 0.012 0.041
0 0.6163333333333333 0.21 0.012666666666666666 0.042
0 0.59 0.209 0.012 0.042
0 0.6446666666666667 0.203 0.012 0.032
0 0.6726666666666666 0.202 0.012 0.032
0 0.43666666666666665 0.138 0.012 0.042
0 0.33166666666666667 0.132 0.011333333333333334 0.03
0 0.702 0.1325 0.012 0.033
0 0.4643333333333333 0.1325 0.011333333333333334 0.033
0 0.49666666666666665 0.135 0.012 0.042
0 0.41 0.129 0.012 0.03
0 0.383 0.1275 0.011333333333333334 0.031
0 0.358 0.127 0.012 0.03
0 0.41 0.06 0.012 0.03
0 0.32866666666666666 0.0645 0.012 0.043
0 0.43766666666666665 0.057 0.012666666666666666 0.032
0 0.38166666666666665 0.0575 0.011333333333333334 0.033
0 0.4646666666666667 0.0555 0.012 0.031
0 0.3566666666666667 0.0555 0.012 0.031
0 0.49533333333333335 0.053 0.012 0.03
0 0.8523333333333334 0.0525 0.012666666666666666 0.031
0 0.7733333333333333 0.051 0.012 0.032
0 0.13361111111111112 0.8629166666666667 0.011666666666666667 0.0325
0 0.7705555555555555 0.2075 0.011666666666666667 0.0325
0 0.6705555555555556 0.8883333333333333 0.011666666666666667 0.0325
0 0.8822222222222222 0.06166666666666667 0.011666666666666667 0.0325
0 0.185 0.8591666666666666 0.011666666666666667 0.0325
0 0.465 0.28583333333333333 0.011666666666666667 0.0325
0 0.905 0.20833333333333334 0.011666666666666667 0.0325
0 0.3288888888888889 0.8908333333333334 0.011666666666666667 0.0325
0 0.6416666666666667 0.885 0.011666666666666667 0.0325
0 0.41444444444444445 0.20916666666666667 0.011666666666666667 0.0325
0 0.3811111111111111 0.73 0.011666666666666667 0.0325
0 0.5627777777777778 0.8841666666666667 0.011666666666666667 0.0325
0 0.7427777777777778 0.060833333333333336 0.011666666666666667 0.0325
0 0.745 0.20916666666666667 0.011666666666666667 0.0325
0 0.7694444444444445 0.1325 0.011666666666666667 0.0325
0 0.8805555555555555 0.21333333333333335 0.011666666666666667 0.0325
0 0.26055555555555554 0.19 0.011666666666666667 0.0325
0 0.5366666666666666 0.06166666666666667 0.011666666666666667 0.0325
0 0.43722222222222223 0.20666666666666667 0.011666666666666667 0.0325
0 0.3566666666666667 0.7325 0.011666666666666667 0.0325
0 0.6755555555555556 0.06 0.011666666666666667 0.0325
0 0.5622222222222222 0.13916666666666666 0.011666666666666667 0.0325
0 0.855 0.21666666666666667 0.011666666666666667 0.0325
0 0.5872222222222222 0.8175 0.011666666666666667 0.0325
0 0.8244444444444444 0.06416666666666666 0.011666666666666667 0.0325
0 0.2916666666666667 0.195 0.011666666666666667 0.0325
0 0.35888888888888887 0.3575 0.011666666666666667 0.0325
0 0.41055555555555556 0.7333333333333333 0.011666666666666667 0.0325
0 0.3566666666666667 0.21083333333333334 0.011666666666666667 0.0325
0 0.8538888888888889 0.1425 0.011666666666666667 0.0325
0 0.3572222222222222 0.2925 0.011666666666666667 0.0325
0 0.6966666666666667 0.8133333333333334 0.011666666666666667 0.0325
0 0.9083333333333333 0.13916666666666666 0.011666666666666667 0.0325
0 0.33055555555555555 0.2916666666666667 0.011666666666666667 0.0325
0 0.5338888888888889 0.8858333333333334 0.011666666666666667 0.0325
0 0.5344444444444445 0.13916666666666666 0.011666666666666667 0.0325
0 0.6194444444444445 0.06333333333333334 0.011666666666666667 0.0325
0 0.4961111111111111 0.21166666666666667 0.011666666666666667 0.0325
0 0.6961111111111111 0.8908333333333334 0.011666666666666667 0.0325
0 0.7416666666666667 0.135 0.011666666666666667 0.0325
0 0.5927777777777777 0.065 0.011666666666666667 0.0325
0 0.5594444444444444 0.8175 0.011666666666666667 0.0325
0 0.4688888888888889 0.7358333333333333 0.011666666666666667 0.0325
0 0.6416666666666667 0.8141666666666667 0.011666666666666667 0.0325
0 0.7033333333333334 0.06166666666666667 0.011666666666666667 0.0325
0 0.6683333333333333 0.815 0.011666666666666667 0.0325
0 0.43944444444444447 0.7316666666666667 0.011666666666666667 0.0325
0 0.615 0.8825 0.011666666666666667 0.0325
0 0.6744444444444444 0.135 0.011666666666666667 0.0325
0 0.43666666666666665 0.8841666666666667 0.011666666666666667 0.0325
0 0.13166666666666665 0.1875 0.011666666666666667 0.0325
0 0.8261111111111111 0.13916666666666666 0.011666666666666667 0.0325
0 0.8005555555555556 0.13083333333333333 0.011666666666666667 0.0325
0 0.565 0.06583333333333333 0.011666666666666667 0.0325
0 0.35388888888888886 0.8841666666666667 0.011666666666666667 0.0325
0 0.8772222222222222 0.13833333333333334 0.011666666666666667 0.0325
0 0.23555555555555555 0.18583333333333332 0.011666666666666667 0.0325
0 0.40944444444444444 0.88 0.011666666666666667 0.0325
0 0.6188888888888889 0.13416666666666666 0.011666666666666667 0.0325
0 0.5894444444444444 0.8825 0.011666666666666667 0.0325
0 0.9066666666666666 0.06166666666666667 0.011666666666666667 0.0325
0 0.15833333333333333 0.8608333333333333 0.011666666666666667 0.0325
0 0.6477777777777778 0.059166666666666666 0.011666666666666667 0.0325
0 0.59 0.13916666666666666 0.011666666666666667 0.0325
0 0.8005555555555556 0.06166666666666667 0.011666666666666667 0.0325
0 0.21055555555555555 0.19166666666666668 0.011666666666666667 0.0325
0 0.6488888888888888 0.13583333333333333 0.011666666666666667 0.0325
0 0.6155555555555555 0.8108333333333333 0.011666666666666667 0.0325
0 0.4661111111111111 0.21 0.011666666666666667 0.0325
0 0.4905555555555556 0.7341666666666666 0.011666666666666667 0.0325
0 0.7994444444444444 0.2125 0.011666666666666667 0.0325
0 0.15611111111111112 0.18583333333333332 0.011666666666666667 0.0325
0 0.8261111111111111 0.22083333333333333 0.011666666666666667 0.0325
0 0.38166666666666665 0.20833333333333334 0.011666666666666667 0.0325
0 0.32944444444444443 0.8008333333333333 0.011666666666666667 0.0325
0 0.1827777777777778 0.19 0.011666666666666667 0.0325
0 0.8472222222222222 0.8166666666666667 0.011666666666666667 0.0325
0 0.8511111111111112 0.29583333333333334 0.011666666666666667 0.0325
0 0.9061111111111111 0.295 0.011666666666666667 0.0325
