0 0.377 0.7695 0.086 0.059
0 0.7116666666666667 0.7295 0.08066666666666666 0.053
0 0.379 0.729 0.09 0.058
0 0.6343333333333333 0.7235 0.082 0.053
0 0.46166666666666667 0.7215 0.082 0.053
0 0.28633333333333333 0.6945 0.09266666666666666 0.057
0 0.375 0.689 0.094 0.06
0 0.46166666666666667 0.6765 0.08333333333333333 0.057
0 0.549 0.669 0.07933333333333334 0.054
0 0.13566666666666666 0.6665 0.07933333333333334 0.055
0 0.2896666666666667 0.6565 0.08866666666666667 0.057
0 0.37933333333333336 0.645 0.09333333333333334 0.06
0 0.4663333333333333 0.631 0.086 0.056
0 0.206 0.631 0.07466666666666667 0.056
0 0.132 0.629 0.08133333333333333 0.06
0 0.8066666666666666 0.6215 0.088 0.055
0 0.5526666666666666 0.6145 0.09866666666666667 0.059
0 0.29033333333333333 0.6085 0.07933333333333334 0.059
0 0.37533333333333335 0.5995 0.08933333333333333 0.055
0 0.20966666666666667 0.582 0.07266666666666667 0.054
0 0.4643333333333333 0.581 0.08733333333333333 0.056
0 0.8743333333333333 0.572 0.08866666666666667 0.06
0 0.288 0.5705 0.08 0.059
0 0.552 0.5695 0.08933333333333333 0.059
0 0.7983333333333333 0.564 0.082 0.058
0 0.37333333333333335 0.5565 0.08933333333333333 0.059
0 0.21066666666666667 0.5375 0.072 0.057
0 0.4646666666666667 0.533 0.09333333333333334 0.054
0 0.131 0.534 0.07933333333333334 0.06
0 0.28833333333333333 0.5305 0.08066666666666666 0.061
0 0.5506666666666666 0.5235 0.08533333333333333 0.055
0 0.8756666666666667 0.5205 0.082 0.057
0 0.7953333333333333 0.5185 0.08 0.055
0 0.37466666666666665 0.5095 0.09066666666666667 0.055
0 0.633 0.494 0.08066666666666666 0.056
0 0.20533333333333334 0.4955 0.07466666666666667 0.061
0 0.4633333333333333 0.4905 0.076 0.055
0 0.28633333333333333 0.487 0.08466666666666667 0.062
0 0.7963333333333333 0.4775 0.08333333333333333 0.059
0 0.5443333333333333 0.478 0.082 0.06
0 0.8753333333333333 0.4705 0.088 0.059
0 0.37033333333333335 0.466 0.08333333333333333 0.06
0 0.6316666666666667 0.4515 0.07933333333333334 0.055
0 0.209 0.453 0.07266666666666667 0.06
0 0.28833333333333333 0.4505 0.08466666666666667 0.059
0 0.127 0.4505 0.07266666666666667 0.059
0 0.46366666666666667 0.4455 0.082 0.055
0 0.5526666666666666 0.434 0.09333333333333334 0.058
0 0.792 0.4305 0.07733333333333334 0.059
0 0.7143333333333334 0.4265 0.07533333333333334 0.051
0 0.37466666666666665 0.429 0.088 0.062
0 0.8746666666666667 0.4185 0.08533333333333333 0.059
0 0.20866666666666667 0.4135 0.07066666666666667 0.057
0 0.6323333333333333 0.4085 0.08066666666666666 0.057
0 0.128 0.411 0.072 0.062
0 0.4646666666666667 0.4065 0.07733333333333334 0.059
0 0.5433333333333333 0.3905 0.08133333333333333 0.057
0 0.372 0.3875 0.08533333333333333 0.057
0 0.286 0.38 0.092 0.058
0 0.797 0.379 0.094 0.066
0 0.7146666666666667 0.374 0.08266666666666667 0.058
0 0.6306666666666667 0.367 0.07733333333333334 0.056
0 0.876 0.362 0.088 0.058
0 0.20833333333333334 0.3645 0.09266666666666666 0.063
0 0.4646666666666667 0.3615 0.07466666666666667 0.059
0 0.5436666666666666 0.3465 0.078 0.057
0 0.373 0.343 0.08333333333333333 0.058
0 0.28733333333333333 0.3345 0.08533333333333333 0.059
0 0.6296666666666667 0.324 0.07933333333333334 0.056
0 0.12633333333333333 0.327 0.07666666666666666 0.064
0 0.7136666666666667 0.322 0.078 0.058
0 0.7956666666666666 0.32 0.08066666666666666 0.056
0 0.20733333333333334 0.3205 0.08133333333333333 0.061
0 0.875 0.315 0.08866666666666667 0.056
0 0.464 0.3145 0.08 0.059
0 0.37366666666666665 0.303 0.086 0.058
0 0.544 0.3005 0.08266666666666667 0.059
0 0.291 0.2875 0.09 0.061
0 0.125 0.2885 0.086 0.063
0 0.629 0.2785 0.08466666666666667 0.061
0 0.7986666666666666 0.2735 0.084 0.059
0 0.7153333333333334 0.2715 0.08133333333333333 0.057
0 0.8783333333333333 0.271 0.08733333333333333 0.058
0 0.465 0.267 0.07666666666666666 0.058
0 0.5393333333333333 0.261 0.08933333333333333 0.058
0 0.36733333333333335 0.2585 0.08933333333333333 0.063
0 0.12266666666666666 0.248 0.08266666666666667 0.066
0 0.6273333333333333 0.2315 0.08266666666666667 0.061
0 0.798 0.2275 0.08933333333333333 0.061
0 0.8793333333333333 0.2225 0.07466666666666667 0.057
0 0.719 0.222 0.08733333333333333 0.058
0 0.5393333333333333 0.222 0.08266666666666667 0.058
0 0.372 0.222 0.09066666666666667 0.06
0 0.4623333333333333 0.2135 0.08466666666666667 0.065
0 0.12733333333333333 0.211 0.08 0.062
0 0.212 0.19 0.10266666666666667 0.066
0 0.5383333333333333 0.184 0.086 0.058
0 0.6236666666666667 0.1835 0.086 0.059
0 0.458 0.1795 0.09466666666666666 0.063
0 0.37166666666666665 0.177 0.094 0.062
0 0.796 0.1745 0.08933333333333333 0.061
0 0.883 0.173 0.08466666666666667 0.06
0 0.13033333333333333 0.1725 0.07 0.059
0 0.717 0.1735 0.09133333333333334 0.063
0 0.287 0.169 0.086 0.06
0 0.21033333333333334 0.1405 0.082 0.061
0 0.467 0.139 0.09 0.064
0 0.6253333333333333 0.1355 0.07866666666666666 0.061
0 0.5436666666666666 0.135 0.08333333333333333 0.06
0 0.8776666666666667 0.133 0.09133333333333334 0.062
0 0.802 0.13 0.09466666666666666 0.06
0 0.12933333333333333 0.124 0.076 0.06
0 0.717 0.1245 0.09266666666666666 0.063
0 0.46266666666666667 0.092 0.084 0.062
0 0.8016666666666666 0.087 0.08466666666666667 0.054
0 0.6253333333333333 0.087 0.07466666666666667 0.056
0 0.545 0.0885 0.08066666666666666 0.059
0 0.8776666666666667 0.0865 0.07933333333333334 0.059
0 0.7106666666666667 0.083 0.08 0.058
0 0.13777777777777778 0.7316666666666667 0.08 0.06833333333333333
0 0.3705555555555556 0.09666666666666666 0.08 0.06833333333333333
0 0.20722222222222222 0.2725 0.08 0.06833333333333333
0 0.2861111111111111 0.13333333333333333 0.08 0.06833333333333333
0 0.285 0.2175 0.08 0.06833333333333333
0 0.55 0.725 0.08 0.06833333333333333
0 0.2877777777777778 0.09333333333333334 0.08 0.06833333333333333
0 0.20722222222222222 0.23166666666666666 0.08 0.06833333333333333
0 0.3672222222222222 0.13833333333333334 0.08 0.06833333333333333
0 0.285 0.25333333333333335 0.08 0.06833333333333333
0 0.20666666666666667 0.6875 0.08 0.06833333333333333
0 0.28944444444444445 0.7425 0.08 0.06833333333333333
0 0.2927777777777778 0.7841666666666667 0.08 0.06833333333333333
0 0.135 0.5908333333333333 0.08 0.06833333333333333
0 0.12833333333333333 0.37666666666666665 0.08 0.06833333333333333
0 0.12833333333333333 0.4891666666666667 0.08 0.06833333333333333
0 0.2861111111111111 0.42 0.08 0.06833333333333333
