0 0.228 0.772 0.06 0.038
0 0.2806666666666667 0.7715 0.05733333333333333 0.041
0 0.4483333333333333 0.71 0.05 0.044
0 0.166 0.707 0.05733333333333333 0.046
0 0.11166666666666666 0.702 0.056666666666666664 0.044
0 0.272 0.6905 0.056 0.039
0 0.23066666666666666 0.6815 0.05466666666666667 0.043
0 0.167 0.659 0.054 0.046
0 0.10866666666666666 0.655 0.052 0.042
0 0.16766666666666666 0.619 0.056666666666666664 0.042
0 0.11233333333333333 0.6135 0.05533333333333333 0.037
0 0.22533333333333333 0.606 0.050666666666666665 0.042
0 0.277 0.602 0.051333333333333335 0.044
0 0.167 0.575 0.054 0.04
0 0.112 0.5725 0.05333333333333334 0.041
0 0.226 0.561 0.050666666666666665 0.04
0 0.10966666666666666 0.5285 0.056666666666666664 0.047
0 0.166 0.5285 0.05733333333333333 0.049
0 0.22633333333333333 0.5195 0.051333333333333335 0.041
0 0.27666666666666667 0.518 0.04933333333333333 0.042
0 0.16666666666666666 0.4905 0.052 0.037
0 0.111 0.4855 0.05533333333333333 0.041
0 0.22666666666666666 0.477 0.05333333333333334 0.046
0 0.16566666666666666 0.451 0.054 0.042
0 0.108 0.4495 0.052 0.045
0 0.278 0.4375 0.04666666666666667 0.039
0 0.22533333333333333 0.428 0.056 0.04
0 0.11133333333333334 0.4155 0.052 0.045
0 0.171 0.414 0.054 0.044
0 0.22833333333333333 0.385 0.054 0.038
0 0.28 0.3865 0.05333333333333334 0.045
0 0.168 0.3765 0.05733333333333333 0.043
0 0.11333333333333333 0.3765 0.058666666666666666 0.045
0 0.2816666666666667 0.344 0.051333333333333335 0.044
0 0.22766666666666666 0.339 0.06066666666666667 0.04
0 0.167 0.338 0.06066666666666667 0.04
0 0.11366666666666667 0.3375 0.056666666666666664 0.047
0 0.2796666666666667 0.3005 0.056666666666666664 0.043
0 0.16666666666666666 0.299 0.052 0.04
0 0.227 0.299 0.056666666666666664 0.042
0 0.11333333333333333 0.2985 0.05733333333333333 0.041
0 0.2786666666666667 0.266 0.050666666666666665 0.038
0 0.16533333333333333 0.2595 0.05333333333333334 0.041
0 0.225 0.26 0.05266666666666667 0.044
0 0.11133333333333334 0.2565 0.052 0.041
0 0.17 0.224 0.04933333333333333 0.044
0 0.11066666666666666 0.2185 0.06 0.041
0 0.227 0.2185 0.04733333333333333 0.045
0 0.337 0.217 0.051333333333333335 0.046
0 0.2806666666666667 0.2155 0.05333333333333334 0.043
0 0.16833333333333333 0.1835 0.05533333333333333 0.045
0 0.11033333333333334 0.1795 0.058 0.049
0 0.38866666666666666 0.176 0.04933333333333333 0.044
0 0.22666666666666666 0.176 0.05333333333333334 0.044
0 0.33566666666666667 0.1745 0.051333333333333335 0.043
0 0.2786666666666667 0.1765 0.05333333333333334 0.047
0 0.111 0.1375 0.06066666666666667 0.039
0 0.17 0.139 0.05333333333333334 0.046
0 0.22733333333333333 0.133 0.05466666666666667 0.042
0 0.38866666666666666 0.1315 0.056 0.041
0 0.33666666666666667 0.133 0.06266666666666666 0.05
0 0.2793333333333333 0.131 0.05466666666666667 0.046
0 0.22766666666666666 0.0935 0.048666666666666664 0.041
0 0.3883333333333333 0.0915 0.056666666666666664 0.047
0 0.27466666666666667 0.089 0.050666666666666665 0.042
0 0.5663888888888889 0.43291666666666667 0.06944444444444445 0.0575
0 0.5016666666666667 0.7125 0.06944444444444445 0.0575
0 0.28055555555555556 0.645 0.06944444444444445 0.0575
0 0.22722222222222221 0.6425 0.06944444444444445 0.0575
0 0.3333333333333333 0.0825 0.06944444444444445 0.0575
0 0.225 0.7316666666666667 0.06944444444444445 0.0575
0 0.27555555555555555 0.47833333333333333 0.06944444444444445 0.0575
0 0.2777777777777778 0.7308333333333333 0.06944444444444445 0.0575
0 0.7644444444444445 0.30583333333333335 0.06944444444444445 0.0575
0 0.6311111111111111 0.13833333333333334 0.06944444444444445 0.0575
0 0.7611111111111111 0.14666666666666667 0.06944444444444445 0.0575
0 0.5672222222222222 0.67 0.06944444444444445 0.0575
0 0.7005555555555556 0.15 0.06944444444444445 0.0575
0 0.7622222222222222 0.25916666666666666 0.06944444444444445 0.0575
0 0.5694444444444444 0.13666666666666666 0.06944444444444445 0.0575
0 0.565 0.38666666666666666 0.06944444444444445 0.0575
0 0.6333333333333333 0.68 0.06944444444444445 0.0575
0 0.5666666666666667 0.2925 0.06944444444444445 0.0575
0 0.5683333333333334 0.4891666666666667 0.06944444444444445 0.0575
0 0.5661111111111111 0.7175 0.06944444444444445 0.0575
0 0.63 0.7341666666666666 0.06944444444444445 0.0575
0 0.6311111111111111 0.5383333333333333 0.06944444444444445 0.0575
0 0.6327777777777778 0.3958333333333333 0.06944444444444445 0.0575
0 0.7666666666666667 0.36 0.06944444444444445 0.0575
0 0.7016666666666667 0.305 0.06944444444444445 0.0575
0 0.765 0.4716666666666667 0.06944444444444445 0.0575
0 0.7 0.20333333333333334 0.06944444444444445 0.0575
0 0.6305555555555555 0.2941666666666667 0.06944444444444445 0.0575
0 0.6327777777777778 0.49333333333333335 0.06944444444444445 0.0575
0 0.6333333333333333 0.33916666666666667 0.06944444444444445 0.0575
0 0.7033333333333334 0.4716666666666667 0.06944444444444445 0.0575
0 0.5672222222222222 0.5766666666666667 0.06944444444444445 0.0575
0 0.5638888888888889 0.335 0.06944444444444445 0.0575
0 0.7616666666666667 0.20333333333333334 0.06944444444444445 0.0575
0 0.5677777777777778 0.6191666666666666 0.06944444444444445 0.0575
0 0.765 0.415 0.06944444444444445 0.0575
0 0.6316666666666667 0.44333333333333336 0.06944444444444445 0.0575
0 0.6988888888888889 0.3591666666666667 0.06944444444444445 0.0575
0 0.5666666666666667 0.24 0.06944444444444445 0.0575
0 0.6338888888888888 0.6275 0.06944444444444445 0.0575
0 0.6327777777777778 0.19166666666666668 0.06944444444444445 0.0575
0 0.275 0.5566666666666666 0.06944444444444445 0.0575
0 0.6977777777777778 0.09333333333333334 0.06944444444444445 0.0575
0 0.7016666666666667 0.41 0.06944444444444445 0.0575
0 0.6983333333333334 0.2575 0.06944444444444445 0.0575
0 0.5677777777777778 0.5333333333333333 0.06944444444444445 0.0575
0 0.5644444444444444 0.19333333333333333 0.06944444444444445 0.0575
0 0.7583333333333333 0.09166666666666666 0.06944444444444445 0.0575
0 0.635 0.5825 0.06944444444444445 0.0575
0 0.6305555555555555 0.23916666666666667 0.06944444444444445 0.0575
