0 0.44 0.3983333333333333 0.06555555555555556 0.05333333333333334
0 0.12666666666666668 0.3725 0.06555555555555556 0.05333333333333334
0 0.1922222222222222 0.1625 0.06555555555555556 0.05333333333333334
0 0.23777777777777778 0.7483333333333333 0.06555555555555556 0.05333333333333334
0 0.23833333333333334 0.08583333333333333 0.06555555555555556 0.05333333333333334
0 0.2972222222222222 0.14 0.06555555555555556 0.05333333333333334
0 0.12444444444444444 0.3283333333333333 0.06555555555555556 0.05333333333333334
0 0.12555555555555556 0.4216666666666667 0.06555555555555556 0.05333333333333334
0 0.12444444444444444 0.755 0.06555555555555556 0.05333333333333334
0 0.19555555555555557 0.24083333333333334 0.06555555555555556 0.05333333333333334
0 0.12611111111111112 0.2791666666666667 0.06555555555555556 0.05333333333333334
0 0.12833333333333333 0.14583333333333334 0.06555555555555556 0.05333333333333334
0 0.2427777777777778 0.4708333333333333 0.06555555555555556 0.05333333333333334
0 0.12277777777777778 0.4625 0.06555555555555556 0.05333333333333334
0 0.24333333333333335 0.4266666666666667 0.06555555555555556 0.05333333333333334
0 0.2427777777777778 0.3858333333333333 0.06555555555555556 0.05333333333333334
0 0.2961111111111111 0.09666666666666666 0.06555555555555556 0.05333333333333334
0 0.12666666666666668 0.23416666666666666 0.06555555555555556 0.05333333333333334
0 0.2361111111111111 0.1275 0.06555555555555556 0.05333333333333334
0 0.18833333333333332 0.08916666666666667 0.06555555555555556 0.05333333333333334
0 0.19 0.545 0.06555555555555556 0.05333333333333334
0 0.12777777777777777 0.6966666666666667 0.06555555555555556 0.05333333333333334
0 0.19 0.37666666666666665 0.06555555555555556 0.05333333333333334
0 0.19166666666666668 0.2 0.06555555555555556 0.05333333333333334
0 0.19 0.4625 0.06555555555555556 0.05333333333333334
0 0.24 0.16583333333333333 0.06555555555555556 0.05333333333333334
0 0.19 0.12833333333333333 0.06555555555555556 0.05333333333333334
0 0.1272222222222222 0.19666666666666666 0.06555555555555556 0.05333333333333334
0 0.23777777777777778 0.21 0.06555555555555556 0.05333333333333334
0 0.19277777777777777 0.7533333333333333 0.06555555555555556 0.05333333333333334
0 0.4872222222222222 0.07583333333333334 0.06555555555555556 0.05333333333333334
0 0.44 0.5233333333333333 0.06555555555555556 0.05333333333333334
0 0.4905555555555556 0.16833333333333333 0.06555555555555556 0.05333333333333334
0 0.4911111111111111 0.23916666666666667 0.06555555555555556 0.05333333333333334
0 0.55 0.7058333333333333 0.06555555555555556 0.05333333333333334
0 0.4388888888888889 0.12833333333333333 0.06555555555555556 0.05333333333333334
0 0.49333333333333335 0.5191666666666667 0.06555555555555556 0.05333333333333334
0 0.49444444444444446 0.6216666666666667 0.06555555555555556 0.05333333333333334
0 0.435 0.0875 0.06555555555555556 0.05333333333333334
0 0.49333333333333335 0.55 0.06555555555555556 0.05333333333333334
0 0.49 0.4066666666666667 0.06555555555555556 0.05333333333333334
0 0.49166666666666664 0.4775 0.06555555555555556 0.05333333333333334
0 0.6033333333333334 0.7058333333333333 0.06555555555555556 0.05333333333333334
0 0.48944444444444446 0.3175 0.06555555555555556 0.05333333333333334
0 0.44055555555555553 0.36 0.06555555555555556 0.05333333333333334
0 0.4955555555555556 0.5858333333333333 0.06555555555555556 0.05333333333333334
0 0.4388888888888889 0.44166666666666665 0.06555555555555556 0.05333333333333334
0 0.5511111111111111 0.7516666666666667 0.06555555555555556 0.05333333333333334
0 0.49166666666666664 0.26416666666666666 0.06555555555555556 0.05333333333333334
0 0.495 0.6666666666666666 0.06555555555555556 0.05333333333333334
0 0.44166666666666665 0.595 0.06555555555555556 0.05333333333333334
0 0.43833333333333335 0.20666666666666667 0.06555555555555556 0.05333333333333334
0 0.43944444444444447 0.24833333333333332 0.06555555555555556 0.05333333333333334
0 0.49333333333333335 0.2025 0.06555555555555556 0.05333333333333334
0 0.4411111111111111 0.5566666666666666 0.06555555555555556 0.05333333333333334
0 0.4411111111111111 0.485 0.06555555555555556 0.05333333333333334
0 0.43833333333333335 0.3233333333333333 0.06555555555555556 0.05333333333333334
0 0.49444444444444446 0.3591666666666667 0.06555555555555556 0.05333333333333334
0 0.4911111111111111 0.43666666666666665 0.06555555555555556 0.05333333333333334
0 0.44 0.16666666666666666 0.06555555555555556 0.05333333333333334
0 0.4411111111111111 0.6691666666666667 0.06555555555555556 0.05333333333333334
0 0.19111111111111112 0.41333333333333333 0.06555555555555556 0.05333333333333334
0 0.4388888888888889 0.2891666666666667 0.06555555555555556 0.05333333333333334
0 0.44222222222222224 0.63 0.06555555555555556 0.05333333333333334
0 0.4888888888888889 0.11833333333333333 0.06555555555555556 0.05333333333333334
0 0.8225 0.6504166666666666 0.05611111111111111 0.03916666666666667
0 0.6133333333333333 0.165 0.05611111111111111 0.03916666666666667
0 0.6138888888888889 0.36583333333333334 0.05611111111111111 0.03916666666666667
0 0.8183333333333334 0.23083333333333333 0.05611111111111111 0.03916666666666667
0 0.8138888888888889 0.14583333333333334 0.05611111111111111 0.03916666666666667
0 0.7655555555555555 0.15333333333333332 0.05611111111111111 0.03916666666666667
0 0.5427777777777778 0.15666666666666668 0.05611111111111111 0.03916666666666667
0 0.5738888888888889 0.3258333333333333 0.05611111111111111 0.03916666666666667
0 0.6111111111111112 0.0925 0.05611111111111111 0.03916666666666667
0 0.6544444444444445 0.1425 0.05611111111111111 0.03916666666666667
0 0.7033333333333334 0.1325 0.05611111111111111 0.03916666666666667
0 0.765 0.0975 0.05611111111111111 0.03916666666666667
0 0.6516666666666666 0.17416666666666666 0.05611111111111111 0.03916666666666667
0 0.5422222222222223 0.4791666666666667 0.05611111111111111 0.03916666666666667
0 0.6133333333333333 0.1275 0.05611111111111111 0.03916666666666667
0 0.5366666666666666 0.325 0.05611111111111111 0.03916666666666667
0 0.5394444444444444 0.19916666666666666 0.05611111111111111 0.03916666666666667
0 0.7027777777777777 0.17333333333333334 0.05611111111111111 0.03916666666666667
0 0.7644444444444445 0.18416666666666667 0.05611111111111111 0.03916666666666667
0 0.8155555555555556 0.18916666666666668 0.05611111111111111 0.03916666666666667
0 0.5794444444444444 0.3983333333333333 0.05611111111111111 0.03916666666666667
0 0.5416666666666666 0.12916666666666668 0.05611111111111111 0.03916666666666667
0 0.5755555555555556 0.09166666666666666 0.05611111111111111 0.03916666666666667
0 0.5772222222222222 0.20333333333333334 0.05611111111111111 0.03916666666666667
0 0.8155555555555556 0.27 0.05611111111111111 0.03916666666666667
0 0.5388888888888889 0.43833333333333335 0.05611111111111111 0.03916666666666667
0 0.535 0.3616666666666667 0.05611111111111111 0.03916666666666667
0 0.5788888888888889 0.44 0.05611111111111111 0.03916666666666667
0 0.7027777777777777 0.09833333333333333 0.05611111111111111 0.03916666666666667
0 0.5411111111111111 0.3983333333333333 0.05611111111111111 0.03916666666666667
0 0.7633333333333333 0.30583333333333335 0.05611111111111111 0.03916666666666667
0 0.5794444444444444 0.17416666666666666 0.05611111111111111 0.03916666666666667
0 0.5755555555555556 0.13333333333333333 0.05611111111111111 0.03916666666666667
0 0.5811111111111111 0.47333333333333333 0.05611111111111111 0.03916666666666667
0 0.7688888888888888 0.2675 0.05611111111111111 0.03916666666666667
0 0.6122222222222222 0.40166666666666667 0.05611111111111111 0.03916666666666667
0 0.7661111111111111 0.71 0.05611111111111111 0.03916666666666667
0 0.6166666666666667 0.48083333333333333 0.05611111111111111 0.03916666666666667
0 0.6544444444444445 0.09 0.05611111111111111 0.03916666666666667
0 0.6127777777777778 0.205 0.05611111111111111 0.03916666666666667
0 0.6522222222222223 0.21666666666666667 0.05611111111111111 0.03916666666666667
0 0.81 0.0925 0.05611111111111111 0.03916666666666667
0 0.8194444444444444 0.705 0.05611111111111111 0.03916666666666667
0 0.5405555555555556 0.08833333333333333 0.05611111111111111 0.03916666666666667
0 0.5711111111111111 0.36833333333333335 0.05611111111111111 0.03916666666666667
0 0.5411111111111111 0.23083333333333333 0.05611111111111111 0.03916666666666667
0 0.6133333333333333 0.4375 0.05611111111111111 0.03916666666666667
0 0.6105555555555555 0.3275 0.05611111111111111 0.03916666666666667
0 0.7655555555555555 0.22916666666666666 0.05611111111111111 0.03916666666666667
