0 0.1 0.15208333333333332 0.03666666666666667 0.035833333333333335
0 0.09666666666666666 0.28583333333333333 0.03666666666666667 0.035833333333333335
0 0.16944444444444445 0.2833333333333333 0.03666666666666667 0.035833333333333335
0 0.23055555555555557 0.13916666666666666 0.03666666666666667 0.035833333333333335
0 0.16111111111111112 0.4625 0.03666666666666667 0.035833333333333335
0 0.27166666666666667 0.27416666666666667 0.03666666666666667 0.035833333333333335
0 0.13333333333333333 0.15 0.03666666666666667 0.035833333333333335
0 0.13277777777777777 0.22083333333333333 0.03666666666666667 0.035833333333333335
0 0.1272222222222222 0.425 0.03666666666666667 0.035833333333333335
0 0.8622222222222222 0.49166666666666664 0.03666666666666667 0.035833333333333335
0 0.09888888888888889 0.1875 0.03666666666666667 0.035833333333333335
0 0.09444444444444444 0.6016666666666667 0.03666666666666667 0.035833333333333335
0 0.2683333333333333 0.14 0.03666666666666667 0.035833333333333335
0 0.22944444444444445 0.20666666666666667 0.03666666666666667 0.035833333333333335
0 0.26722222222222225 0.22666666666666666 0.03666666666666667 0.035833333333333335
0 0.09333333333333334 0.5225 0.03666666666666667 0.035833333333333335
0 0.26944444444444443 0.31833333333333336 0.03666666666666667 0.035833333333333335
0 0.09277777777777778 0.3883333333333333 0.03666666666666667 0.035833333333333335
0 0.1322222222222222 0.18833333333333332 0.03666666666666667 0.035833333333333335
0 0.23 0.28 0.03666666666666667 0.035833333333333335
0 0.10111111111111111 0.22083333333333333 0.03666666666666667 0.035833333333333335
0 0.7994444444444444 0.4583333333333333 0.03666666666666667 0.035833333333333335
0 0.23222222222222222 0.1725 0.03666666666666667 0.035833333333333335
0 0.13333333333333333 0.32166666666666666 0.03666666666666667 0.035833333333333335
0 0.13055555555555556 0.49333333333333335 0.03666666666666667 0.035833333333333335
0 0.12555555555555556 0.4625 0.03666666666666667 0.035833333333333335
0 0.13555555555555557 0.2816666666666667 0.03666666666666667 0.035833333333333335
0 0.16444444444444445 0.425 0.03666666666666667 0.035833333333333335
0 0.12944444444444445 0.3491666666666667 0.03666666666666667 0.035833333333333335
0 0.09777777777777778 0.3541666666666667 0.03666666666666667 0.035833333333333335
0 0.26722222222222225 0.175 0.03666666666666667 0.035833333333333335
0 0.09555555555555556 0.425 0.03666666666666667 0.035833333333333335
0 0.16666666666666666 0.25583333333333336 0.03666666666666667 0.035833333333333335
0 0.16555555555555557 0.49333333333333335 0.03666666666666667 0.035833333333333335
0 0.09888888888888889 0.3233333333333333 0.03666666666666667 0.035833333333333335
0 0.09277777777777778 0.5583333333333333 0.03666666666666667 0.035833333333333335
0 0.8155555555555556 0.51 0.03666666666666667 0.035833333333333335
0 0.16777777777777778 0.32416666666666666 0.03666666666666667 0.035833333333333335
0 0.16444444444444445 0.3883333333333333 0.03666666666666667 0.035833333333333335
0 0.1688888888888889 0.22416666666666665 0.03666666666666667 0.035833333333333335
0 0.10111111111111111 0.7566666666666667 0.03666666666666667 0.035833333333333335
0 0.23166666666666666 0.1025 0.03666666666666667 0.035833333333333335
0 0.8594444444444445 0.545 0.03666666666666667 0.035833333333333335
0 0.12944444444444445 0.3908333333333333 0.03666666666666667 0.035833333333333335
0 0.2338888888888889 0.3225 0.03666666666666667 0.035833333333333335
0 0.16666666666666666 0.35083333333333333 0.03666666666666667 0.035833333333333335
0 0.8505555555555555 0.45416666666666666 0.03666666666666667 0.035833333333333335
0 0.13277777777777777 0.25333333333333335 0.03666666666666667 0.035833333333333335
0 0.09777777777777778 0.25166666666666665 0.03666666666666667 0.035833333333333335
0 0.22777777777777777 0.23833333333333334 0.03666666666666667 0.035833333333333335
0 0.1711111111111111 0.15416666666666667 0.03666666666666667 0.035833333333333335
0 0.09388888888888888 0.49166666666666664 0.03666666666666667 0.035833333333333335
0 0.26944444444444443 0.10166666666666667 0.03666666666666667 0.035833333333333335
0 0.17 0.18666666666666668 0.03666666666666667 0.035833333333333335
0 0.1288888888888889 0.525 0.03666666666666667 0.035833333333333335
0 0.1661111111111111 0.54 0.03666666666666667 0.035833333333333335
0 0.09777777777777778 0.4583333333333333 0.03666666666666667 0.035833333333333335
0 0.15055555555555555 0.6033333333333334 0.015555555555555555 0.028333333333333332
0 0.24055555555555555 0.42625 0.052222222222222225 0.049166666666666664
0 0.16916666666666666 0.595 0.020555555555555556 0.03333333333333333
0 0.2363888888888889 0.3770833333333333 0.05277777777777778 0.03916666666666667
0 0.435 0.26208333333333333 0.05555555555555555 0.06416666666666666
0 0.5316666666666666 0.36666666666666664 0.05555555555555555 0.06416666666666666
0 0.3827777777777778 0.3125 0.05555555555555555 0.06416666666666666
0 0.43444444444444447 0.2075 0.05555555555555555 0.06416666666666666
0 0.43 0.15833333333333333 0.05555555555555555 0.06416666666666666
0 0.425 0.3233333333333333 0.05555555555555555 0.06416666666666666
0 0.5261111111111111 0.13666666666666666 0.05555555555555555 0.06416666666666666
0 0.5261111111111111 0.31833333333333336 0.05555555555555555 0.06416666666666666
0 0.38722222222222225 0.2708333333333333 0.05555555555555555 0.06416666666666666
0 0.3844444444444444 0.16 0.05555555555555555 0.06416666666666666
0 0.385 0.2125 0.05555555555555555 0.06416666666666666
0 0.535 0.4175 0.07 0.07833333333333334
0 0.5225 0.19458333333333333 0.07722222222222222 0.06916666666666667
0 0.5219444444444444 0.2579166666666667 0.08166666666666667 0.0625
