0 0.135 0.759 0.10333333333333333 0.092
0 0.25733333333333336 0.7505 0.112 0.093
0 0.49633333333333335 0.7465 0.10733333333333334 0.089
0 0.37866666666666665 0.739 0.09866666666666667 0.09
0 0.8466666666666667 0.738 0.10933333333333334 0.094
0 0.7346666666666667 0.7375 0.11866666666666667 0.093
0 0.135 0.7005 0.10733333333333334 0.093
0 0.257 0.6905 0.102 0.091
0 0.495 0.6735 0.114 0.095
0 0.7356666666666667 0.669 0.11266666666666666 0.092
0 0.37733333333333335 0.664 0.11333333333333333 0.092
0 0.6143333333333333 0.6505 0.098 0.089
0 0.13966666666666666 0.634 0.11666666666666667 0.094
0 0.25966666666666666 0.627 0.11266666666666666 0.092
0 0.852 0.6215 0.104 0.093
0 0.49633333333333335 0.608 0.106 0.092
0 0.735 0.605 0.11133333333333334 0.094
0 0.37666666666666665 0.5985 0.11066666666666666 0.093
0 0.614 0.5885 0.10266666666666667 0.091
0 0.138 0.569 0.10133333333333333 0.092
0 0.25733333333333336 0.564 0.10533333333333333 0.09
0 0.8546666666666667 0.5595 0.108 0.089
0 0.7353333333333333 0.547 0.104 0.088
0 0.496 0.5405 0.11066666666666666 0.093
0 0.376 0.534 0.10933333333333334 0.094
0 0.6113333333333333 0.5245 0.092 0.089
0 0.13733333333333334 0.5075 0.11733333333333333 0.095
0 0.26066666666666666 0.501 0.104 0.09
0 0.8496666666666667 0.496 0.102 0.09
0 0.736 0.486 0.11066666666666666 0.092
0 0.493 0.482 0.10733333333333334 0.092
0 0.377 0.477 0.106 0.09
0 0.6123333333333333 0.4625 0.102 0.091
0 0.144 0.4445 0.104 0.087
0 0.26 0.4345 0.116 0.091
0 0.8523333333333334 0.426 0.11533333333333333 0.092
0 0.7376666666666667 0.4265 0.11133333333333334 0.093
0 0.49366666666666664 0.419 0.09133333333333334 0.09
0 0.37666666666666665 0.414 0.11466666666666667 0.092
0 0.6136666666666667 0.4015 0.11266666666666666 0.095
0 0.13766666666666666 0.384 0.10866666666666666 0.092
0 0.25733333333333336 0.371 0.108 0.092
0 0.7333333333333333 0.37 0.10533333333333333 0.092
0 0.85 0.3615 0.108 0.091
0 0.49466666666666664 0.3595 0.10666666666666667 0.093
0 0.378 0.353 0.10533333333333333 0.09
0 0.6133333333333333 0.344 0.108 0.094
0 0.13733333333333334 0.32 0.09866666666666667 0.09
0 0.731 0.3045 0.10466666666666667 0.091
0 0.853 0.303 0.10866666666666666 0.092
0 0.257 0.3015 0.11933333333333333 0.093
0 0.49466666666666664 0.3005 0.11066666666666666 0.093
0 0.37533333333333335 0.29 0.11466666666666667 0.094
0 0.6163333333333333 0.2795 0.122 0.095
0 0.13433333333333333 0.255 0.10733333333333334 0.092
0 0.49466666666666664 0.2415 0.11333333333333333 0.093
0 0.853 0.236 0.11133333333333334 0.092
0 0.259 0.2355 0.11266666666666666 0.091
0 0.733 0.2325 0.10733333333333334 0.091
0 0.37666666666666665 0.2265 0.11466666666666667 0.093
0 0.6136666666666667 0.2215 0.11133333333333334 0.091
0 0.13833333333333334 0.19 0.09933333333333333 0.088
0 0.49566666666666664 0.18 0.11933333333333333 0.092
0 0.25833333333333336 0.173 0.114 0.092
0 0.8533333333333334 0.1715 0.10933333333333334 0.093
0 0.73 0.1705 0.10933333333333334 0.091
0 0.37766666666666665 0.1705 0.11133333333333334 0.093
0 0.613 0.154 0.10066666666666667 0.09
0 0.496 0.113 0.112 0.092
0 0.25633333333333336 0.1065 0.114 0.091
0 0.7333333333333333 0.1065 0.10533333333333333 0.093
0 0.37833333333333335 0.1045 0.10733333333333334 0.093
0 0.852 0.103 0.108 0.092
0 0.6123333333333333 0.1015 0.106 0.091
0 0.8525 0.6808333333333333 0.10166666666666667 0.075
