0 0.10416666666666667 0.17625 0.04833333333333333 0.0475
0 0.105 0.30583333333333335 0.04833333333333333 0.0475
0 0.15555555555555556 0.345 0.04833333333333333 0.0475
0 0.215 0.495 0.04833333333333333 0.0475
0 0.39611111111111114 0.08833333333333333 0.04833333333333333 0.0475
0 0.25055555555555553 0.6083333333333333 0.04833333333333333 0.0475
0 0.15666666666666668 0.2966666666666667 0.04833333333333333 0.0475
0 0.2111111111111111 0.6116666666666667 0.04833333333333333 0.0475
0 0.21333333333333335 0.575 0.04833333333333333 0.0475
0 0.14888888888888888 0.3925 0.04833333333333333 0.0475
0 0.3461111111111111 0.13666666666666666 0.04833333333333333 0.0475
0 0.25277777777777777 0.5716666666666667 0.04833333333333333 0.0475
0 0.21555555555555556 0.5316666666666666 0.04833333333333333 0.0475
0 0.3461111111111111 0.095 0.04833333333333333 0.0475
0 0.2911111111111111 0.6083333333333333 0.04833333333333333 0.0475
0 0.10277777777777777 0.39666666666666667 0.04833333333333333 0.0475
0 0.21388888888888888 0.6466666666666666 0.04833333333333333 0.0475
0 0.15833333333333333 0.22083333333333333 0.04833333333333333 0.0475
0 0.2861111111111111 0.5658333333333333 0.04833333333333333 0.0475
0 0.10444444444444445 0.26 0.04833333333333333 0.0475
0 0.15777777777777777 0.25666666666666665 0.04833333333333333 0.0475
0 0.10222222222222223 0.215 0.04833333333333333 0.0475
0 0.2538888888888889 0.49083333333333334 0.04833333333333333 0.0475
0 0.10444444444444445 0.35333333333333333 0.04833333333333333 0.0475
0 0.24666666666666667 0.13166666666666665 0.04833333333333333 0.0475
0 0.39555555555555555 0.1375 0.04833333333333333 0.0475
0 0.39222222222222225 0.4891666666666667 0.04833333333333333 0.0475
0 0.25 0.6441666666666667 0.04833333333333333 0.0475
0 0.28833333333333333 0.5275 0.04833333333333333 0.0475
0 0.3427777777777778 0.18 0.04833333333333333 0.0475
0 0.2927777777777778 0.48833333333333334 0.04833333333333333 0.0475
0 0.15555555555555556 0.17833333333333334 0.04833333333333333 0.0475
0 0.25055555555555553 0.53 0.04833333333333333 0.0475
0 0.3438888888888889 0.49 0.04833333333333333 0.0475
0 0.6311111111111111 0.745 0.04833333333333333 0.0475
0 0.4633333333333333 0.5425 0.04833333333333333 0.0475
0 0.5833333333333334 0.5508333333333333 0.04833333333333333 0.0475
0 0.8394444444444444 0.6433333333333333 0.04833333333333333 0.0475
0 0.5811111111111111 0.5 0.04833333333333333 0.0475
0 0.4583333333333333 0.4841666666666667 0.04833333333333333 0.0475
0 0.8222222222222222 0.38416666666666666 0.04833333333333333 0.0475
0 0.6411111111111111 0.4925 0.04833333333333333 0.0475
0 0.5133333333333333 0.48583333333333334 0.04833333333333333 0.0475
0 0.5788888888888889 0.7408333333333333 0.04833333333333333 0.0475
0 0.4633333333333333 0.1175 0.04833333333333333 0.0475
0 0.5777777777777777 0.175 0.04833333333333333 0.0475
0 0.6955555555555556 0.1275 0.06 0.06
0 0.8238888888888889 0.14333333333333334 0.06 0.06
0 0.87 0.09916666666666667 0.06 0.06
0 0.7022222222222222 0.49416666666666664 0.06 0.06
0 0.7622222222222222 0.6758333333333333 0.06 0.06
0 0.7605555555555555 0.7283333333333334 0.06 0.06
0 0.7061111111111111 0.7258333333333333 0.06 0.06
0 0.7022222222222222 0.5858333333333333 0.06 0.06
0 0.7572222222222222 0.49833333333333335 0.06 0.06
0 0.7016666666666667 0.5491666666666667 0.06 0.06
0 0.7622222222222222 0.5441666666666667 0.06 0.06
0 0.75 0.12 0.06 0.06
0 0.7061111111111111 0.675 0.06 0.06
0 0.7 0.6291666666666667 0.06 0.06
0 0.8211111111111111 0.1 0.06 0.06
0 0.76 0.6325 0.06 0.06
0 0.7627777777777778 0.5891666666666666 0.06 0.06
