0 0.26666666666666666 0.772 0.058666666666666666 0.038
0 0.6133333333333333 0.771 0.058666666666666666 0.038
0 0.4066666666666667 0.7575 0.058666666666666666 0.041
0 0.4683333333333333 0.749 0.062 0.044
0 0.12233333333333334 0.7335 0.059333333333333335 0.041
0 0.2673333333333333 0.733 0.06 0.042
0 0.6123333333333333 0.7285 0.059333333333333335 0.037
0 0.3303333333333333 0.724 0.059333333333333335 0.042
0 0.18466666666666667 0.723 0.06133333333333333 0.046
0 0.4056666666666667 0.713 0.059333333333333335 0.04
0 0.4683333333333333 0.7105 0.06066666666666667 0.043
0 0.5466666666666666 0.6955 0.06 0.041
0 0.329 0.687 0.06066666666666667 0.044
0 0.12 0.6835 0.06 0.047
0 0.4666666666666667 0.667 0.06 0.04
0 0.607 0.6515 0.059333333333333335 0.041
0 0.11966666666666667 0.6505 0.06066666666666667 0.049
0 0.18533333333333332 0.6445 0.06266666666666666 0.047
0 0.4026666666666667 0.632 0.058666666666666666 0.04
0 0.8856666666666667 0.63 0.06333333333333334 0.048
0 0.8213333333333334 0.628 0.06266666666666666 0.046
0 0.5463333333333333 0.6145 0.062 0.043
0 0.3293333333333333 0.6025 0.06133333333333333 0.047
0 0.186 0.601 0.06 0.044
0 0.4036666666666667 0.591 0.06066666666666667 0.042
0 0.8216666666666667 0.592 0.06333333333333334 0.05
0 0.32766666666666666 0.563 0.06066666666666667 0.042
0 0.26566666666666666 0.5595 0.058 0.039
0 0.12 0.563 0.06 0.05
0 0.4056666666666667 0.546 0.06066666666666667 0.042
0 0.823 0.548 0.066 0.05
0 0.546 0.533 0.058666666666666666 0.04
0 0.12033333333333333 0.522 0.059333333333333335 0.042
0 0.32666666666666666 0.5195 0.06266666666666666 0.045
0 0.8213333333333334 0.507 0.06266666666666666 0.054
0 0.5466666666666666 0.493 0.06133333333333333 0.042
0 0.468 0.492 0.06133333333333333 0.046
0 0.6033333333333334 0.488 0.06133333333333333 0.042
0 0.7416666666666667 0.4825 0.059333333333333335 0.039
0 0.12366666666666666 0.4815 0.06466666666666666 0.049
0 0.266 0.474 0.06133333333333333 0.04
0 0.187 0.4765 0.06066666666666667 0.049
0 0.404 0.4625 0.06133333333333333 0.041
0 0.8226666666666667 0.4595 0.058666666666666666 0.045
0 0.12133333333333333 0.4475 0.06 0.041
0 0.5433333333333333 0.4475 0.06133333333333333 0.043
0 0.6013333333333334 0.446 0.06 0.042
0 0.18566666666666667 0.4315 0.06066666666666667 0.043
0 0.32666666666666666 0.43 0.064 0.044
0 0.8233333333333334 0.421 0.068 0.058
0 0.5456666666666666 0.4055 0.06066666666666667 0.041
0 0.6823333333333333 0.402 0.06066666666666667 0.042
0 0.602 0.4005 0.06 0.041
0 0.12033333333333333 0.399 0.06333333333333334 0.046
0 0.7426666666666667 0.3975 0.06 0.047
0 0.3273333333333333 0.3935 0.06 0.041
0 0.26466666666666666 0.3895 0.06133333333333333 0.045
0 0.18666666666666668 0.392 0.06533333333333333 0.05
0 0.8213333333333334 0.3785 0.06666666666666667 0.049
0 0.4676666666666667 0.3745 0.06066666666666667 0.041
0 0.6033333333333334 0.362 0.058666666666666666 0.038
0 0.5453333333333333 0.3615 0.06 0.037
0 0.12133333333333333 0.359 0.058666666666666666 0.038
0 0.744 0.355 0.058666666666666666 0.04
0 0.188 0.3145 0.06 0.041
0 0.3253333333333333 0.309 0.06133333333333333 0.042
0 0.26466666666666666 0.307 0.06533333333333333 0.052
0 0.8213333333333334 0.3 0.06666666666666667 0.054
0 0.886 0.294 0.064 0.044
0 0.11833333333333333 0.2755 0.06066666666666667 0.045
0 0.186 0.27 0.058666666666666666 0.042
0 0.26566666666666666 0.263 0.06066666666666667 0.044
0 0.4013333333333333 0.2535 0.06 0.041
0 0.464 0.2505 0.06 0.039
0 0.8876666666666667 0.2555 0.06733333333333333 0.061
0 0.6016666666666667 0.2465 0.062 0.045
0 0.5436666666666666 0.244 0.059333333333333335 0.04
0 0.12266666666666666 0.2385 0.06 0.043
0 0.187 0.2315 0.059333333333333335 0.045
0 0.32466666666666666 0.2215 0.06266666666666666 0.047
0 0.265 0.2205 0.062 0.047
0 0.464 0.2105 0.06533333333333333 0.045
0 0.543 0.2055 0.06066666666666667 0.045
0 0.18933333333333333 0.1865 0.06 0.043
0 0.12233333333333334 0.1915 0.06733333333333333 0.057
0 0.2663333333333333 0.1785 0.062 0.045
0 0.32566666666666666 0.1765 0.06066666666666667 0.045
0 0.6026666666666667 0.164 0.06133333333333333 0.042
0 0.739 0.1645 0.06066666666666667 0.045
0 0.68 0.1625 0.06 0.041
0 0.12233333333333334 0.1495 0.06333333333333334 0.051
0 0.18533333333333332 0.1425 0.06266666666666666 0.043
0 0.325 0.135 0.059333333333333335 0.042
0 0.264 0.141 0.06266666666666666 0.054
0 0.602 0.126 0.058666666666666666 0.038
0 0.54 0.1265 0.06266666666666666 0.043
0 0.40166666666666667 0.126 0.062 0.048
0 0.4643333333333333 0.1255 0.06466666666666666 0.051
0 0.6803333333333333 0.122 0.062 0.048
0 0.328 0.0955 0.06 0.045
0 0.2643333333333333 0.0935 0.059333333333333335 0.045
0 0.466 0.09 0.06 0.044
0 0.5396666666666666 0.088 0.062 0.046
0 0.6016666666666667 0.0865 0.062 0.049
0 0.6816666666666666 0.28041666666666665 0.056666666666666664 0.049166666666666664
0 0.18555555555555556 0.5166666666666667 0.056666666666666664 0.049166666666666664
0 0.47 0.45416666666666666 0.056666666666666664 0.049166666666666664
0 0.4027777777777778 0.6708333333333333 0.056666666666666664 0.049166666666666664
0 0.12 0.6066666666666667 0.056666666666666664 0.049166666666666664
0 0.26555555555555554 0.3491666666666667 0.056666666666666664 0.049166666666666664
0 0.4627777777777778 0.32666666666666666 0.056666666666666664 0.049166666666666664
0 0.4633333333333333 0.2866666666666667 0.056666666666666664 0.049166666666666664
0 0.26611111111111113 0.6016666666666667 0.056666666666666664 0.049166666666666664
0 0.4672222222222222 0.535 0.056666666666666664 0.049166666666666664
0 0.46444444444444444 0.16333333333333333 0.056666666666666664 0.049166666666666664
0 0.32944444444444443 0.6433333333333333 0.056666666666666664 0.049166666666666664
0 0.26666666666666666 0.6883333333333334 0.056666666666666664 0.049166666666666664
0 0.26555555555555554 0.5158333333333334 0.056666666666666664 0.049166666666666664
0 0.4666666666666667 0.4116666666666667 0.056666666666666664 0.049166666666666664
0 0.3244444444444444 0.26166666666666666 0.056666666666666664 0.049166666666666664
0 0.4061111111111111 0.7908333333333334 0.056666666666666664 0.049166666666666664
0 0.4661111111111111 0.5808333333333333 0.056666666666666664 0.049166666666666664
0 0.18777777777777777 0.35083333333333333 0.056666666666666664 0.049166666666666664
0 0.26666666666666666 0.6433333333333333 0.056666666666666664 0.049166666666666664
0 0.18333333333333332 0.6825 0.056666666666666664 0.049166666666666664
0 0.26555555555555554 0.43583333333333335 0.056666666666666664 0.049166666666666664
0 0.12055555555555555 0.315 0.056666666666666664 0.049166666666666664
0 0.3283333333333333 0.3516666666666667 0.056666666666666664 0.049166666666666664
0 0.4666666666666667 0.625 0.056666666666666664 0.049166666666666664
0 0.18444444444444444 0.5608333333333333 0.056666666666666664 0.049166666666666664
0 0.5483333333333333 0.735 0.056666666666666664 0.049166666666666664
0 0.6066666666666667 0.6133333333333333 0.056666666666666664 0.049166666666666664
0 0.7411111111111112 0.2825 0.056666666666666664 0.049166666666666664
0 0.405 0.4241666666666667 0.056666666666666664 0.049166666666666664
0 0.8838888888888888 0.38333333333333336 0.056666666666666664 0.049166666666666664
0 0.8194444444444444 0.08666666666666667 0.056666666666666664 0.049166666666666664
0 0.7372222222222222 0.2075 0.056666666666666664 0.049166666666666664
0 0.405 0.5033333333333333 0.056666666666666664 0.049166666666666664
0 0.40055555555555555 0.17 0.056666666666666664 0.049166666666666664
0 0.7394444444444445 0.12416666666666666 0.056666666666666664 0.049166666666666664
0 0.40444444444444444 0.37916666666666665 0.056666666666666664 0.049166666666666664
0 0.8872222222222222 0.5108333333333334 0.056666666666666664 0.049166666666666664
0 0.8833333333333333 0.5925 0.056666666666666664 0.049166666666666664
0 0.6016666666666667 0.5275 0.056666666666666664 0.049166666666666664
0 0.8227777777777778 0.2575 0.056666666666666664 0.049166666666666664
0 0.6077777777777778 0.6875 0.056666666666666664 0.049166666666666664
0 0.6005555555555555 0.20083333333333334 0.056666666666666664 0.049166666666666664
0 0.6022222222222222 0.325 0.056666666666666664 0.049166666666666664
0 0.5455555555555556 0.2866666666666667 0.056666666666666664 0.049166666666666664
0 0.885 0.4275 0.056666666666666664 0.049166666666666664
0 0.4022222222222222 0.08416666666666667 0.056666666666666664 0.049166666666666664
0 0.5466666666666666 0.7791666666666667 0.056666666666666664 0.049166666666666664
0 0.40444444444444444 0.2875 0.056666666666666664 0.049166666666666664
0 0.6816666666666666 0.44333333333333336 0.056666666666666664 0.049166666666666664
0 0.8177777777777778 0.1725 0.056666666666666664 0.049166666666666664
0 0.4011111111111111 0.20833333333333334 0.056666666666666664 0.049166666666666664
0 0.8866666666666667 0.5441666666666667 0.056666666666666664 0.049166666666666664
0 0.6033333333333334 0.5725 0.056666666666666664 0.049166666666666664
0 0.40555555555555556 0.335 0.056666666666666664 0.049166666666666664
0 0.8822222222222222 0.3375 0.056666666666666664 0.049166666666666664
0 0.6 0.2816666666666667 0.056666666666666664 0.049166666666666664
0 0.7388888888888889 0.08583333333333333 0.056666666666666664 0.049166666666666664
0 0.8194444444444444 0.3383333333333333 0.056666666666666664 0.049166666666666664
0 0.6833333333333333 0.48 0.056666666666666664 0.049166666666666664
0 0.6794444444444444 0.08083333333333333 0.056666666666666664 0.049166666666666664
0 0.8205555555555556 0.21916666666666668 0.056666666666666664 0.049166666666666664
0 0.885 0.4683333333333333 0.056666666666666664 0.049166666666666664
0 0.7427777777777778 0.44083333333333335 0.056666666666666664 0.049166666666666664
0 0.5422222222222223 0.16583333333333333 0.056666666666666664 0.049166666666666664
0 0.5438888888888889 0.3325 0.056666666666666664 0.049166666666666664
0 0.5472222222222223 0.66 0.056666666666666664 0.049166666666666664
0 0.8188888888888889 0.13166666666666665 0.056666666666666664 0.049166666666666664
0 0.7427777777777778 0.315 0.056666666666666664 0.049166666666666664
0 0.32555555555555554 0.47333333333333333 0.056666666666666664 0.049166666666666664
0 0.7405555555555555 0.23416666666666666 0.056666666666666664 0.049166666666666664
0 0.5461111111111111 0.5725 0.056666666666666664 0.049166666666666664
0 0.6822222222222222 0.32 0.056666666666666664 0.049166666666666664
0 0.6833333333333333 0.3616666666666667 0.056666666666666664 0.049166666666666664
0 0.68 0.20333333333333334 0.056666666666666664 0.049166666666666664
0 0.8844444444444445 0.2075 0.056666666666666664 0.049166666666666664
0 0.8822222222222222 0.13333333333333333 0.056666666666666664 0.049166666666666664
0 0.8822222222222222 0.09083333333333334 0.056666666666666664 0.049166666666666664
0 0.8811111111111111 0.16916666666666666 0.056666666666666664 0.049166666666666664
0 0.6822222222222222 0.24333333333333335 0.056666666666666664 0.049166666666666664
