0 0.41 0.79 0.042666666666666665 0.04
0 0.45566666666666666 0.789 0.046 0.042
0 0.30666666666666664 0.7835 0.048 0.041
0 0.20833333333333334 0.781 0.04466666666666667 0.038
0 0.4073333333333333 0.7635 0.044 0.041
0 0.453 0.7595 0.048666666666666664 0.039
0 0.30733333333333335 0.744 0.044 0.04
0 0.25466666666666665 0.743 0.058666666666666666 0.04
0 0.605 0.736 0.04066666666666666 0.042
0 0.4076666666666667 0.726 0.048666666666666664 0.04
0 0.30866666666666664 0.707 0.044 0.042
0 0.35633333333333334 0.7045 0.046 0.041
0 0.6073333333333333 0.7035 0.04533333333333334 0.041
0 0.408 0.687 0.04533333333333334 0.04
0 0.25733333333333336 0.68 0.042666666666666665 0.04
0 0.21033333333333334 0.6775 0.042 0.041
0 0.35533333333333333 0.6725 0.048 0.039
0 0.30733333333333335 0.6715 0.04133333333333333 0.041
0 0.6073333333333333 0.6695 0.04933333333333333 0.043
0 0.5063333333333333 0.666 0.042 0.04
0 0.11266666666666666 0.6655 0.04533333333333334 0.041
0 0.5516666666666666 0.665 0.046 0.042
0 0.606 0.637 0.04666666666666667 0.042
0 0.5526666666666666 0.632 0.048 0.042
0 0.6533333333333333 0.631 0.04533333333333334 0.042
0 0.15833333333333333 0.625 0.043333333333333335 0.04
0 0.7033333333333334 0.6175 0.04133333333333333 0.041
0 0.7516666666666667 0.614 0.042 0.04
0 0.209 0.614 0.042 0.042
0 0.409 0.612 0.04733333333333333 0.042
0 0.6063333333333333 0.604 0.043333333333333335 0.042
0 0.505 0.6015 0.04466666666666667 0.041
0 0.5516666666666666 0.5985 0.04466666666666667 0.041
0 0.35633333333333334 0.597 0.04733333333333333 0.04
0 0.30766666666666664 0.5945 0.046 0.039
0 0.15633333333333332 0.5915 0.04466666666666667 0.041
0 0.25766666666666665 0.5765 0.05 0.041
0 0.607 0.571 0.046 0.04
0 0.5056666666666667 0.568 0.043333333333333335 0.04
0 0.5503333333333333 0.5655 0.046 0.041
0 0.30766666666666664 0.5615 0.042 0.041
0 0.15366666666666667 0.558 0.054 0.042
0 0.20866666666666667 0.545 0.04533333333333334 0.042
0 0.263 0.542 0.059333333333333335 0.044
0 0.7053333333333334 0.539 0.048 0.044
0 0.6076666666666667 0.5375 0.043333333333333335 0.041
0 0.4063333333333333 0.5355 0.04466666666666667 0.039
0 0.158 0.5235 0.04933333333333333 0.041
0 0.457 0.5015 0.051333333333333335 0.039
0 0.5526666666666666 0.495 0.04533333333333334 0.042
0 0.15833333333333333 0.495 0.043333333333333335 0.042
0 0.505 0.4935 0.05 0.041
0 0.6543333333333333 0.471 0.04466666666666667 0.042
0 0.452 0.47 0.04533333333333334 0.04
0 0.5526666666666666 0.465 0.044 0.04
0 0.5043333333333333 0.4615 0.046 0.039
0 0.11166666666666666 0.4595 0.04466666666666667 0.039
0 0.257 0.4455 0.04733333333333333 0.041
0 0.357 0.4435 0.04466666666666667 0.041
0 0.603 0.441 0.04466666666666667 0.04
0 0.6553333333333333 0.439 0.044 0.04
0 0.5536666666666666 0.4305 0.042 0.041
0 0.15866666666666668 0.4285 0.04666666666666667 0.043
0 0.25633333333333336 0.415 0.04466666666666667 0.042
0 0.21 0.412 0.04533333333333334 0.04
0 0.6526666666666666 0.4085 0.04133333333333333 0.041
0 0.7523333333333333 0.3945 0.04466666666666667 0.041
0 0.553 0.3925 0.05 0.041
0 0.25766666666666665 0.381 0.051333333333333335 0.042
0 0.307 0.379 0.04733333333333333 0.042
0 0.6053333333333333 0.3775 0.04533333333333334 0.041
0 0.5066666666666667 0.3585 0.044 0.041
0 0.6053333333333333 0.348 0.04666666666666667 0.042
0 0.259 0.3475 0.04733333333333333 0.041
0 0.35733333333333334 0.346 0.04666666666666667 0.04
0 0.30866666666666664 0.3445 0.048 0.039
0 0.209 0.346 0.04733333333333333 0.042
0 0.4086666666666667 0.332 0.04666666666666667 0.04
0 0.7046666666666667 0.3265 0.042666666666666665 0.041
0 0.5066666666666667 0.3225 0.042666666666666665 0.041
0 0.6543333333333333 0.3165 0.043333333333333335 0.041
0 0.606 0.3155 0.048 0.041
0 0.25633333333333336 0.3115 0.04733333333333333 0.043
0 0.5523333333333333 0.296 0.046 0.04
0 0.705 0.2915 0.043333333333333335 0.039
0 0.5066666666666667 0.2885 0.04133333333333333 0.043
0 0.45966666666666667 0.286 0.05 0.04
0 0.606 0.2835 0.042666666666666665 0.041
0 0.3576666666666667 0.2835 0.05266666666666667 0.043
0 0.15966666666666668 0.2675 0.04466666666666667 0.039
0 0.112 0.266 0.04533333333333334 0.038
0 0.658 0.251 0.04666666666666667 0.04
0 0.6086666666666667 0.251 0.04666666666666667 0.04
0 0.256 0.2435 0.048 0.041
0 0.558 0.224 0.048 0.04
0 0.362 0.224 0.048 0.042
0 0.657 0.222 0.043333333333333335 0.04
0 0.4076666666666667 0.22 0.042 0.04
0 0.703 0.22 0.04066666666666666 0.042
0 0.30966666666666665 0.219 0.04466666666666667 0.042
0 0.45766666666666667 0.216 0.046 0.038
0 0.25666666666666665 0.2135 0.04 0.041
0 0.20866666666666667 0.212 0.044 0.044
0 0.11266666666666666 0.202 0.04533333333333334 0.038
0 0.31066666666666665 0.1885 0.044 0.041
0 0.7046666666666667 0.1865 0.04133333333333333 0.041
0 0.6556666666666666 0.188 0.046 0.044
0 0.6086666666666667 0.185 0.04533333333333334 0.04
0 0.3576666666666667 0.1825 0.04733333333333333 0.039
0 0.7516666666666667 0.181 0.046 0.04
0 0.5093333333333333 0.1815 0.04933333333333333 0.041
0 0.20866666666666667 0.1805 0.042666666666666665 0.041
0 0.255 0.178 0.043333333333333335 0.042
0 0.8886666666666667 0.1605 0.052 0.039
0 0.6066666666666667 0.151 0.04133333333333333 0.04
0 0.254 0.1485 0.042666666666666665 0.041
0 0.7033333333333334 0.1465 0.044 0.041
0 0.8906666666666667 0.126 0.042666666666666665 0.04
0 0.606 0.1195 0.044 0.041
0 0.7043333333333334 0.1165 0.04733333333333333 0.041
0 0.7506666666666667 0.116 0.042666666666666665 0.042
0 0.20966666666666667 0.116 0.043333333333333335 0.042
0 0.803 0.0895 0.042 0.043
0 0.654 0.087 0.042666666666666665 0.04
0 0.7496666666666667 0.0865 0.04066666666666666 0.041
0 0.5576666666666666 0.0855 0.048666666666666664 0.039
0 0.704 0.0845 0.044 0.041
0 0.11305555555555556 0.13666666666666666 0.04611111111111111 0.041666666666666664
0 0.11222222222222222 0.17166666666666666 0.04611111111111111 0.041666666666666664
0 0.11 0.5258333333333334 0.04611111111111111 0.041666666666666664
0 0.115 0.22833333333333333 0.04611111111111111 0.041666666666666664
0 0.15888888888888889 0.17083333333333334 0.04611111111111111 0.041666666666666664
0 0.16055555555555556 0.20083333333333334 0.04611111111111111 0.041666666666666664
0 0.16277777777777777 0.2991666666666667 0.04611111111111111 0.041666666666666664
0 0.15777777777777777 0.4558333333333333 0.04611111111111111 0.041666666666666664
0 0.11333333333333333 0.5558333333333333 0.04611111111111111 0.041666666666666664
0 0.15888888888888889 0.3933333333333333 0.04611111111111111 0.041666666666666664
0 0.10833333333333334 0.5941666666666666 0.04611111111111111 0.041666666666666664
0 0.10944444444444444 0.7041666666666667 0.04611111111111111 0.041666666666666664
0 0.11055555555555556 0.6291666666666667 0.04611111111111111 0.041666666666666664
0 0.10666666666666667 0.425 0.04611111111111111 0.041666666666666664
0 0.16111111111111112 0.13916666666666666 0.04611111111111111 0.041666666666666664
0 0.15833333333333333 0.7041666666666667 0.04611111111111111 0.041666666666666664
0 0.10777777777777778 0.4925 0.04611111111111111 0.041666666666666664
0 0.16111111111111112 0.7408333333333333 0.04611111111111111 0.041666666666666664
0 0.11222222222222222 0.3675 0.04611111111111111 0.041666666666666664
0 0.15722222222222224 0.23416666666666666 0.04611111111111111 0.041666666666666664
0 0.11277777777777778 0.2941666666666667 0.04611111111111111 0.041666666666666664
0 0.15833333333333333 0.33416666666666667 0.04611111111111111 0.041666666666666664
0 0.11555555555555555 0.3333333333333333 0.04611111111111111 0.041666666666666664
0 0.11277777777777778 0.7416666666666667 0.04611111111111111 0.041666666666666664
0 0.10888888888888888 0.3983333333333333 0.04611111111111111 0.041666666666666664
0 0.15666666666666668 0.36333333333333334 0.04611111111111111 0.041666666666666664
0 0.25555555555555554 0.475 0.04611111111111111 0.041666666666666664
0 0.20777777777777778 0.145 0.04611111111111111 0.041666666666666664
0 0.15888888888888889 0.6625 0.04611111111111111 0.041666666666666664
0 0.2561111111111111 0.6516666666666666 0.04611111111111111 0.041666666666666664
0 0.25722222222222224 0.7841666666666667 0.04611111111111111 0.041666666666666664
0 0.21 0.08583333333333333 0.04611111111111111 0.041666666666666664
0 0.20833333333333334 0.31333333333333335 0.04611111111111111 0.041666666666666664
0 0.20833333333333334 0.7416666666666667 0.04611111111111111 0.041666666666666664
0 0.20944444444444443 0.445 0.04611111111111111 0.041666666666666664
0 0.255 0.09166666666666666 0.04611111111111111 0.041666666666666664
0 0.20944444444444443 0.4791666666666667 0.04611111111111111 0.041666666666666664
0 0.21 0.5783333333333334 0.04611111111111111 0.041666666666666664
0 0.20944444444444443 0.7141666666666666 0.04611111111111111 0.041666666666666664
0 0.25 0.11916666666666667 0.04611111111111111 0.041666666666666664
0 0.2538888888888889 0.6133333333333333 0.04611111111111111 0.041666666666666664
0 0.2561111111111111 0.2791666666666667 0.04611111111111111 0.041666666666666664
0 0.2111111111111111 0.6433333333333333 0.04611111111111111 0.041666666666666664
0 0.21055555555555555 0.275 0.04611111111111111 0.041666666666666664
0 0.25555555555555554 0.5058333333333334 0.04611111111111111 0.041666666666666664
0 0.25333333333333335 0.7116666666666667 0.04611111111111111 0.041666666666666664
0 0.20777777777777778 0.2425 0.04611111111111111 0.041666666666666664
0 0.20833333333333334 0.37333333333333335 0.04611111111111111 0.041666666666666664
0 0.20833333333333334 0.5091666666666667 0.04611111111111111 0.041666666666666664
0 0.41 0.18166666666666667 0.04611111111111111 0.041666666666666664
0 0.4111111111111111 0.14583333333333334 0.04611111111111111 0.041666666666666664
0 0.5138888888888888 0.08166666666666667 0.04611111111111111 0.041666666666666664
0 0.35777777777777775 0.1475 0.04611111111111111 0.041666666666666664
0 0.3572222222222222 0.11583333333333333 0.04611111111111111 0.041666666666666664
0 0.4588888888888889 0.08666666666666667 0.04611111111111111 0.041666666666666664
0 0.30833333333333335 0.12 0.04611111111111111 0.041666666666666664
0 0.4066666666666667 0.08083333333333333 0.04611111111111111 0.041666666666666664
0 0.555 0.1775 0.04611111111111111 0.041666666666666664
0 0.6077777777777778 0.2125 0.04611111111111111 0.041666666666666664
0 0.45 0.14666666666666667 0.04611111111111111 0.041666666666666664
0 0.8483333333333334 0.155 0.04611111111111111 0.041666666666666664
0 0.30722222222222223 0.15166666666666667 0.04611111111111111 0.041666666666666664
0 0.5083333333333333 0.11666666666666667 0.04611111111111111 0.041666666666666664
0 0.8433333333333334 0.11833333333333333 0.04611111111111111 0.041666666666666664
0 0.5577777777777778 0.11833333333333333 0.04611111111111111 0.041666666666666664
0 0.30833333333333335 0.08833333333333333 0.04611111111111111 0.041666666666666664
0 0.45666666666666667 0.17666666666666667 0.04611111111111111 0.041666666666666664
0 0.6061111111111112 0.08333333333333333 0.04611111111111111 0.041666666666666664
0 0.41055555555555556 0.1175 0.04611111111111111 0.041666666666666664
0 0.5533333333333333 0.14333333333333334 0.04611111111111111 0.041666666666666664
0 0.6555555555555556 0.14666666666666667 0.04611111111111111 0.041666666666666664
0 0.5044444444444445 0.2175 0.04611111111111111 0.041666666666666664
0 0.8866666666666667 0.08583333333333333 0.04611111111111111 0.041666666666666664
0 0.5077777777777778 0.14333333333333334 0.04611111111111111 0.041666666666666664
0 0.35944444444444446 0.08416666666666667 0.04611111111111111 0.041666666666666664
0 0.7444444444444445 0.145 0.04611111111111111 0.041666666666666664
0 0.8066666666666666 0.11833333333333333 0.04611111111111111 0.041666666666666664
0 0.7511111111111111 0.2125 0.04611111111111111 0.041666666666666664
0 0.4572222222222222 0.11583333333333333 0.04611111111111111 0.041666666666666664
0 0.655 0.11916666666666667 0.04611111111111111 0.041666666666666664
0 0.8461111111111111 0.0825 0.04611111111111111 0.041666666666666664
0 0.8022222222222222 0.15 0.04611111111111111 0.041666666666666664
0 0.4083333333333333 0.2866666666666667 0.04611111111111111 0.041666666666666664
0 0.40555555555555556 0.36666666666666664 0.04611111111111111 0.041666666666666664
0 0.505 0.6325 0.04611111111111111 0.041666666666666664
0 0.305 0.6283333333333333 0.04611111111111111 0.041666666666666664
0 0.3088888888888889 0.4825 0.04611111111111111 0.041666666666666664
0 0.45444444444444443 0.685 0.04611111111111111 0.041666666666666664
0 0.35333333333333333 0.5208333333333334 0.04611111111111111 0.041666666666666664
0 0.31055555555555553 0.5241666666666667 0.04611111111111111 0.041666666666666664
0 0.5488888888888889 0.73 0.04611111111111111 0.041666666666666664
0 0.555 0.5316666666666666 0.04611111111111111 0.041666666666666664
0 0.5011111111111111 0.7966666666666666 0.04611111111111111 0.041666666666666664
0 0.405 0.25916666666666666 0.04611111111111111 0.041666666666666664
0 0.5083333333333333 0.25083333333333335 0.04611111111111111 0.041666666666666664
0 0.45166666666666666 0.7133333333333334 0.04611111111111111 0.041666666666666664
0 0.5066666666666667 0.7625 0.04611111111111111 0.041666666666666664
0 0.4111111111111111 0.5783333333333334 0.04611111111111111 0.041666666666666664
0 0.4538888888888889 0.615 0.04611111111111111 0.041666666666666664
0 0.505 0.42333333333333334 0.04611111111111111 0.041666666666666664
0 0.505 0.7375 0.04611111111111111 0.041666666666666664
0 0.5516666666666666 0.6991666666666667 0.04611111111111111 0.041666666666666664
0 0.30833333333333335 0.2808333333333333 0.04611111111111111 0.041666666666666664
0 0.4083333333333333 0.49833333333333335 0.04611111111111111 0.041666666666666664
0 0.4577777777777778 0.3641666666666667 0.04611111111111111 0.041666666666666664
0 0.45611111111111113 0.405 0.04611111111111111 0.041666666666666664
0 0.4077777777777778 0.65 0.04611111111111111 0.041666666666666664
0 0.3061111111111111 0.25 0.04611111111111111 0.041666666666666664
0 0.5466666666666666 0.79 0.04611111111111111 0.041666666666666664
0 0.5105555555555555 0.5341666666666667 0.04611111111111111 0.041666666666666664
0 0.30722222222222223 0.3075 0.04611111111111111 0.041666666666666664
0 0.30777777777777776 0.4475 0.04611111111111111 0.041666666666666664
0 0.4077777777777778 0.465 0.04611111111111111 0.041666666666666664
0 0.4572222222222222 0.4375 0.04611111111111111 0.041666666666666664
0 0.35777777777777775 0.37666666666666665 0.04611111111111111 0.041666666666666664
0 0.5044444444444445 0.3875 0.04611111111111111 0.041666666666666664
0 0.4038888888888889 0.43166666666666664 0.04611111111111111 0.041666666666666664
0 0.555 0.33 0.04611111111111111 0.041666666666666664
0 0.455 0.6475 0.04611111111111111 0.041666666666666664
0 0.45166666666666666 0.5441666666666667 0.04611111111111111 0.041666666666666664
0 0.30833333333333335 0.4116666666666667 0.04611111111111111 0.041666666666666664
0 0.45444444444444443 0.3283333333333333 0.04611111111111111 0.041666666666666664
0 0.5527777777777778 0.35833333333333334 0.04611111111111111 0.041666666666666664
0 0.5577777777777778 0.2625 0.04611111111111111 0.041666666666666664
0 0.35333333333333333 0.6283333333333333 0.04611111111111111 0.041666666666666664
0 0.3572222222222222 0.4875 0.04611111111111111 0.041666666666666664
0 0.3566666666666667 0.3125 0.04611111111111111 0.041666666666666664
0 0.5038888888888889 0.6925 0.04611111111111111 0.041666666666666664
0 0.4072222222222222 0.39916666666666667 0.04611111111111111 0.041666666666666664
0 0.35444444444444445 0.4083333333333333 0.04611111111111111 0.041666666666666664
0 0.35388888888888886 0.7841666666666667 0.04611111111111111 0.041666666666666664
0 0.35444444444444445 0.7391666666666666 0.04611111111111111 0.041666666666666664
0 0.35833333333333334 0.5575 0.04611111111111111 0.041666666666666664
0 0.4527777777777778 0.25 0.04611111111111111 0.041666666666666664
0 0.35555555555555557 0.25416666666666665 0.04611111111111111 0.041666666666666664
0 0.5516666666666666 0.7608333333333334 0.04611111111111111 0.041666666666666664
0 0.455 0.5783333333333334 0.04611111111111111 0.041666666666666664
0 0.7011111111111111 0.39416666666666667 0.04611111111111111 0.041666666666666664
0 0.7466666666666667 0.4683333333333333 0.04611111111111111 0.041666666666666664
0 0.6516666666666666 0.3475 0.04611111111111111 0.041666666666666664
0 0.7538888888888889 0.42833333333333334 0.04611111111111111 0.041666666666666664
0 0.6516666666666666 0.6641666666666667 0.04611111111111111 0.041666666666666664
0 0.7505555555555555 0.32666666666666666 0.04611111111111111 0.041666666666666664
0 0.6538888888888889 0.7033333333333334 0.04611111111111111 0.041666666666666664
0 0.7027777777777777 0.36666666666666664 0.04611111111111111 0.041666666666666664
0 0.7072222222222222 0.5816666666666667 0.04611111111111111 0.041666666666666664
0 0.65 0.7658333333333334 0.04611111111111111 0.041666666666666664
0 0.7505555555555555 0.2875 0.04611111111111111 0.041666666666666664
0 0.705 0.4666666666666667 0.04611111111111111 0.041666666666666664
0 0.6544444444444445 0.595 0.04611111111111111 0.041666666666666664
0 0.7483333333333333 0.25416666666666665 0.04611111111111111 0.041666666666666664
0 0.7016666666666667 0.6625 0.04611111111111111 0.041666666666666664
0 0.6511111111111111 0.5333333333333333 0.04611111111111111 0.041666666666666664
0 0.6527777777777778 0.5041666666666667 0.04611111111111111 0.041666666666666664
0 0.7027777777777777 0.5075 0.04611111111111111 0.041666666666666664
0 0.7477777777777778 0.54 0.04611111111111111 0.041666666666666664
0 0.6511111111111111 0.37666666666666665 0.04611111111111111 0.041666666666666664
0 0.7522222222222222 0.3616666666666667 0.04611111111111111 0.041666666666666664
0 0.7511111111111111 0.5008333333333334 0.04611111111111111 0.041666666666666664
0 0.6538888888888889 0.2841666666666667 0.04611111111111111 0.041666666666666664
0 0.6505555555555556 0.7333333333333333 0.04611111111111111 0.041666666666666664
0 0.6544444444444445 0.565 0.04611111111111111 0.041666666666666664
0 0.75 0.5766666666666667 0.04611111111111111 0.041666666666666664
0 0.6027777777777777 0.77 0.04611111111111111 0.041666666666666664
0 0.6027777777777777 0.41083333333333333 0.04611111111111111 0.041666666666666664
0 0.6027777777777777 0.4708333333333333 0.04611111111111111 0.041666666666666664
0 0.6044444444444445 0.5075 0.04611111111111111 0.041666666666666664
0 0.7027777777777777 0.4275 0.04611111111111111 0.041666666666666664
0 0.7044444444444444 0.25666666666666665 0.04611111111111111 0.041666666666666664
