0 0.12111111111111111 0.19666666666666666 0.05444444444444444 0.055
0 0.22333333333333333 0.325 0.05444444444444444 0.055
0 0.22333333333333333 0.5708333333333333 0.05444444444444444 0.055
0 0.3488888888888889 0.5341666666666667 0.05444444444444444 0.055
0 0.5794444444444444 0.7483333333333333 0.05444444444444444 0.055
0 0.4638888888888889 0.1325 0.05444444444444444 0.055
0 0.3466666666666667 0.5883333333333334 0.05444444444444444 0.055
0 0.11222222222222222 0.5316666666666666 0.05444444444444444 0.055
0 0.2288888888888889 0.1425 0.05444444444444444 0.055
0 0.3438888888888889 0.12833333333333333 0.05444444444444444 0.055
0 0.11611111111111111 0.29333333333333333 0.05444444444444444 0.055
0 0.4661111111111111 0.19916666666666666 0.05444444444444444 0.055
0 0.4011111111111111 0.2783333333333333 0.05444444444444444 0.055
0 0.415 0.5308333333333334 0.05444444444444444 0.055
0 0.40944444444444444 0.125 0.05444444444444444 0.055
0 0.40166666666666667 0.37166666666666665 0.05444444444444444 0.055
0 0.11666666666666667 0.37833333333333335 0.05444444444444444 0.055
0 0.4072222222222222 0.47 0.05444444444444444 0.055
0 0.22555555555555556 0.6375 0.05444444444444444 0.055
0 0.5244444444444445 0.135 0.05444444444444444 0.055
0 0.345 0.26416666666666666 0.05444444444444444 0.055
0 0.3466666666666667 0.47833333333333333 0.05444444444444444 0.055
0 0.4033333333333333 0.2175 0.05444444444444444 0.055
0 0.345 0.21916666666666668 0.05444444444444444 0.055
0 0.22611111111111112 0.23416666666666666 0.05444444444444444 0.055
0 0.22944444444444445 0.4525 0.05444444444444444 0.055
0 0.3472222222222222 0.36333333333333334 0.05444444444444444 0.055
0 0.5891666666666666 0.17125 0.075 0.07083333333333333
0 0.7033333333333334 0.345 0.075 0.07083333333333333
0 0.5866666666666667 0.4066666666666667 0.075 0.07083333333333333
0 0.8172222222222222 0.19833333333333333 0.075 0.07083333333333333
0 0.7005555555555556 0.29 0.075 0.07083333333333333
0 0.7027777777777777 0.6966666666666667 0.075 0.07083333333333333
0 0.8766666666666667 0.205 0.075 0.07083333333333333
0 0.7627777777777778 0.6525 0.075 0.07083333333333333
0 0.7011111111111111 0.15583333333333332 0.075 0.07083333333333333
0 0.7566666666666667 0.7675 0.075 0.07083333333333333
0 0.47833333333333333 0.4766666666666667 0.075 0.07083333333333333
0 0.7611111111111111 0.4583333333333333 0.075 0.07083333333333333
0 0.8205555555555556 0.095 0.075 0.07083333333333333
0 0.7061111111111111 0.4483333333333333 0.075 0.07083333333333333
0 0.76 0.51 0.075 0.07083333333333333
0 0.76 0.6975 0.075 0.07083333333333333
0 0.7033333333333334 0.7425 0.075 0.07083333333333333
0 0.82 0.3525 0.075 0.07083333333333333
0 0.7638888888888888 0.39916666666666667 0.075 0.07083333333333333
0 0.8744444444444445 0.14583333333333334 0.075 0.07083333333333333
0 0.8705555555555555 0.09666666666666666 0.075 0.07083333333333333
0 0.7027777777777777 0.5583333333333333 0.075 0.07083333333333333
0 0.7594444444444445 0.5666666666666667 0.075 0.07083333333333333
0 0.585 0.30416666666666664 0.075 0.07083333333333333
0 0.8205555555555556 0.24916666666666668 0.075 0.07083333333333333
0 0.875 0.4025 0.075 0.07083333333333333
0 0.8227777777777778 0.4058333333333333 0.075 0.07083333333333333
0 0.8777777777777778 0.45916666666666667 0.075 0.07083333333333333
0 0.8583333333333333 0.7433333333333333 0.075 0.07083333333333333
0 0.82 0.53 0.075 0.07083333333333333
0 0.7038888888888889 0.49583333333333335 0.075 0.07083333333333333
0 0.7027777777777777 0.09916666666666667 0.075 0.07083333333333333
0 0.7611111111111111 0.095 0.075 0.07083333333333333
0 0.7577777777777778 0.1525 0.075 0.07083333333333333
0 0.5805555555555556 0.64 0.075 0.07083333333333333
0 0.755 0.29083333333333333 0.075 0.07083333333333333
0 0.8177777777777778 0.14916666666666667 0.075 0.07083333333333333
0 0.8744444444444445 0.5833333333333334 0.075 0.07083333333333333
0 0.6461111111111111 0.6408333333333334 0.075 0.07083333333333333
0 0.8211111111111111 0.585 0.075 0.07083333333333333
0 0.5977777777777777 0.5133333333333333 0.075 0.07083333333333333
0 0.8194444444444444 0.6383333333333333 0.075 0.07083333333333333
0 0.8705555555555555 0.5233333333333333 0.075 0.07083333333333333
0 0.7055555555555556 0.6483333333333333 0.075 0.07083333333333333
0 0.8772222222222222 0.3491666666666667 0.075 0.07083333333333333
