0 0.12533333333333332 0.731 0.09066666666666667 0.08
0 0.855 0.73 0.09266666666666666 0.082
0 0.5396666666666666 0.725 0.09266666666666666 0.08
0 0.23233333333333334 0.7225 0.09133333333333334 0.079
0 0.7506666666666667 0.719 0.09466666666666666 0.086
0 0.435 0.7165 0.09266666666666666 0.081
0 0.12633333333333333 0.668 0.09266666666666666 0.08
0 0.854 0.6555 0.09333333333333334 0.083
0 0.23066666666666666 0.6475 0.09466666666666666 0.081
0 0.75 0.6435 0.09066666666666667 0.075
0 0.5386666666666666 0.647 0.09333333333333334 0.082
0 0.436 0.641 0.09066666666666667 0.078
0 0.333 0.639 0.09133333333333334 0.08
0 0.124 0.6035 0.096 0.085
0 0.8526666666666667 0.5895 0.092 0.079
0 0.23133333333333334 0.5785 0.092 0.081
0 0.3313333333333333 0.5705 0.09066666666666667 0.079
0 0.12366666666666666 0.5325 0.09266666666666666 0.081
0 0.8513333333333334 0.522 0.092 0.08
0 0.7493333333333333 0.5125 0.09333333333333334 0.081
0 0.23133333333333334 0.5095 0.09333333333333334 0.083
0 0.331 0.5065 0.09133333333333334 0.079
0 0.125 0.47 0.094 0.084
0 0.852 0.4515 0.09466666666666666 0.085
0 0.5423333333333333 0.443 0.09 0.076
0 0.7476666666666667 0.44 0.09133333333333334 0.076
0 0.23 0.4405 0.092 0.079
0 0.3303333333333333 0.437 0.09266666666666666 0.082
0 0.124 0.399 0.09333333333333334 0.084
0 0.8523333333333334 0.384 0.09266666666666666 0.08
0 0.5423333333333333 0.3755 0.09 0.077
0 0.332 0.3735 0.09066666666666667 0.079
0 0.229 0.373 0.09133333333333334 0.078
0 0.6453333333333333 0.3695 0.09066666666666667 0.077
0 0.436 0.369 0.08933333333333333 0.076
0 0.12666666666666668 0.33 0.09466666666666666 0.086
0 0.22866666666666666 0.309 0.08933333333333333 0.076
0 0.8486666666666667 0.311 0.092 0.082
0 0.43566666666666665 0.305 0.08866666666666667 0.076
0 0.6443333333333333 0.3025 0.09133333333333334 0.079
0 0.545 0.29 0.08866666666666667 0.076
0 0.127 0.259 0.09266666666666666 0.08
0 0.8516666666666667 0.248 0.09266666666666666 0.086
0 0.437 0.2425 0.09 0.077
0 0.22766666666666666 0.2435 0.09133333333333334 0.079
0 0.331 0.2385 0.09 0.077
0 0.7463333333333333 0.2355 0.09 0.075
0 0.6443333333333333 0.2345 0.09266666666666666 0.081
0 0.5426666666666666 0.2285 0.092 0.081
0 0.126 0.185 0.09066666666666667 0.078
0 0.8506666666666667 0.178 0.092 0.08
0 0.333 0.175 0.09133333333333334 0.078
0 0.43533333333333335 0.1745 0.092 0.079
0 0.22733333333333333 0.1735 0.092 0.081
0 0.6446666666666667 0.171 0.09066666666666667 0.078
0 0.5413333333333333 0.171 0.09333333333333334 0.08
0 0.7456666666666667 0.1685 0.09133333333333334 0.079
0 0.8506666666666667 0.113 0.092 0.082
0 0.7466666666666667 0.1025 0.09066666666666667 0.079
0 0.6466666666666666 0.101 0.092 0.082
0 0.3303333333333333 0.1 0.09133333333333334 0.08
0 0.5393333333333333 0.0985 0.09066666666666667 0.079
0 0.4386111111111111 0.4345833333333333 0.08722222222222223 0.08416666666666667
0 0.4388888888888889 0.5041666666666667 0.08722222222222223 0.08416666666666667
0 0.755 0.5825 0.08722222222222223 0.08416666666666667
0 0.43722222222222223 0.5691666666666667 0.08722222222222223 0.08416666666666667
0 0.33444444444444443 0.7116666666666667 0.08722222222222223 0.08416666666666667
0 0.7505555555555555 0.3725 0.08722222222222223 0.08416666666666667
0 0.5422222222222223 0.5825 0.08722222222222223 0.08416666666666667
0 0.65 0.5075 0.08722222222222223 0.08416666666666667
0 0.6477777777777778 0.43666666666666665 0.08722222222222223 0.08416666666666667
0 0.7516666666666667 0.30666666666666664 0.08722222222222223 0.08416666666666667
0 0.5444444444444444 0.5116666666666667 0.08722222222222223 0.08416666666666667
0 0.33611111111111114 0.3 0.08722222222222223 0.08416666666666667
0 0.6511111111111111 0.5808333333333333 0.08722222222222223 0.08416666666666667
0 0.44 0.1025 0.08722222222222223 0.08416666666666667
