0 0.235 0.7625 0.035333333333333335 0.037
0 0.18166666666666667 0.76 0.03933333333333333 0.038
0 0.13833333333333334 0.7565 0.03933333333333333 0.035
0 0.17966666666666667 0.708 0.046 0.038
0 0.13633333333333333 0.6725 0.042 0.033
0 0.10633333333333334 0.67 0.054 0.036
0 0.13533333333333333 0.6365 0.044 0.039
0 0.17866666666666667 0.632 0.04133333333333333 0.038
0 0.178 0.5905 0.042666666666666665 0.037
0 0.179 0.545 0.03933333333333333 0.042
0 0.13733333333333334 0.542 0.04133333333333333 0.038
0 0.182 0.504 0.044 0.036
0 0.14033333333333334 0.5025 0.043333333333333335 0.033
0 0.098 0.5045 0.04133333333333333 0.037
0 0.8313333333333334 0.4755 0.03333333333333333 0.033
0 0.13833333333333334 0.469 0.03933333333333333 0.038
0 0.18266666666666667 0.467 0.042666666666666665 0.036
0 0.097 0.4655 0.043333333333333335 0.037
0 0.17833333333333334 0.431 0.042 0.034
0 0.09666666666666666 0.4315 0.037333333333333336 0.035
0 0.138 0.43 0.04133333333333333 0.034
0 0.276 0.429 0.03866666666666667 0.034
0 0.31966666666666665 0.429 0.04066666666666666 0.036
0 0.09933333333333333 0.393 0.036 0.034
0 0.14 0.3915 0.04133333333333333 0.035
0 0.273 0.3895 0.03666666666666667 0.033
0 0.181 0.3905 0.035333333333333335 0.035
0 0.31833333333333336 0.3905 0.043333333333333335 0.039
0 0.23466666666666666 0.3845 0.03866666666666667 0.035
0 0.32 0.3525 0.03866666666666667 0.037
0 0.099 0.3515 0.04466666666666667 0.035
0 0.27366666666666667 0.352 0.04066666666666666 0.038
0 0.23266666666666666 0.3505 0.036 0.035
0 0.13933333333333334 0.352 0.042666666666666665 0.038
0 0.18233333333333332 0.351 0.046 0.038
0 0.18266666666666667 0.3145 0.04 0.035
0 0.14233333333333334 0.314 0.03933333333333333 0.034
0 0.10066666666666667 0.3145 0.04533333333333334 0.039
0 0.37266666666666665 0.312 0.03866666666666667 0.036
0 0.8733333333333333 0.2905 0.03866666666666667 0.033
0 0.7873333333333333 0.292 0.034666666666666665 0.036
0 0.832 0.2905 0.04 0.037
0 0.141 0.2775 0.04066666666666666 0.035
0 0.1 0.277 0.044 0.036
0 0.788 0.2525 0.044 0.037
0 0.83 0.248 0.034666666666666665 0.034
0 0.18466666666666667 0.2445 0.04133333333333333 0.035
0 0.143 0.2455 0.043333333333333335 0.037
0 0.101 0.242 0.04466666666666667 0.04
0 0.7016666666666667 0.2235 0.03666666666666667 0.035
0 0.229 0.209 0.03933333333333333 0.034
0 0.142 0.2095 0.04133333333333333 0.035
0 0.18466666666666667 0.2075 0.04133333333333333 0.035
0 0.10166666666666667 0.2045 0.04066666666666666 0.035
0 0.8293333333333334 0.1985 0.04 0.035
0 0.787 0.2 0.03933333333333333 0.038
0 0.6986666666666667 0.1795 0.04133333333333333 0.033
0 0.6573333333333333 0.1785 0.03333333333333333 0.033
0 0.14333333333333334 0.1725 0.04666666666666667 0.041
0 0.101 0.1695 0.04466666666666667 0.037
0 0.864 0.161 0.034666666666666665 0.034
0 0.6576666666666666 0.143 0.03933333333333333 0.034
0 0.696 0.141 0.037333333333333336 0.032
0 0.595 0.1415 0.034 0.033
0 0.865 0.119 0.03933333333333333 0.036
0 0.321 0.118 0.038 0.034
0 0.2803333333333333 0.119 0.04733333333333333 0.038
0 0.233 0.117 0.05 0.036
0 0.3738888888888889 0.7816666666666666 0.03888888888888889 0.035
0 0.10111111111111111 0.715 0.03888888888888889 0.035
0 0.09722222222222222 0.5875 0.03888888888888889 0.035
0 0.10111111111111111 0.7608333333333334 0.03888888888888889 0.035
0 0.17722222222222223 0.6741666666666667 0.03888888888888889 0.035
0 0.1827777777777778 0.28 0.03888888888888889 0.035
0 0.0961111111111111 0.5375 0.03888888888888889 0.035
0 0.09833333333333333 0.6291666666666667 0.03888888888888889 0.035
0 0.1388888888888889 0.7183333333333334 0.03888888888888889 0.035
0 0.13722222222222222 0.5883333333333334 0.03888888888888889 0.035
0 0.2772222222222222 0.2075 0.03888888888888889 0.035
0 0.7916666666666666 0.7825 0.03888888888888889 0.035
0 0.4172222222222222 0.13666666666666666 0.03888888888888889 0.035
0 0.7911111111111111 0.36666666666666664 0.03888888888888889 0.035
0 0.785 0.15416666666666667 0.03888888888888889 0.035
0 0.3738888888888889 0.3616666666666667 0.03888888888888889 0.035
0 0.4161111111111111 0.23583333333333334 0.03888888888888889 0.035
0 0.41555555555555557 0.7775 0.03888888888888889 0.035
0 0.4572222222222222 0.20583333333333334 0.03888888888888889 0.035
0 0.4166666666666667 0.31666666666666665 0.03888888888888889 0.035
0 0.4577777777777778 0.135 0.03888888888888889 0.035
0 0.37222222222222223 0.2708333333333333 0.03888888888888889 0.035
0 0.46 0.2816666666666667 0.03888888888888889 0.035
0 0.8722222222222222 0.2 0.03888888888888889 0.035
0 0.3711111111111111 0.1675 0.03888888888888889 0.035
0 0.7911111111111111 0.32666666666666666 0.03888888888888889 0.035
0 0.2827777777777778 0.16 0.03888888888888889 0.035
0 0.37222222222222223 0.13416666666666666 0.03888888888888889 0.035
0 0.515 0.13916666666666666 0.03888888888888889 0.035
0 0.6511111111111111 0.405 0.03888888888888889 0.035
0 0.8744444444444445 0.375 0.03888888888888889 0.035
0 0.8711111111111111 0.3283333333333333 0.03888888888888889 0.035
0 0.8355555555555556 0.36833333333333335 0.03888888888888889 0.035
0 0.23333333333333334 0.25916666666666666 0.03888888888888889 0.035
0 0.8711111111111111 0.24666666666666667 0.03888888888888889 0.035
0 0.415 0.2075 0.03888888888888889 0.035
0 0.4572222222222222 0.23666666666666666 0.03888888888888889 0.035
0 0.235 0.15416666666666667 0.03888888888888889 0.035
0 0.3738888888888889 0.23666666666666666 0.03888888888888889 0.035
0 0.4166666666666667 0.17333333333333334 0.03888888888888889 0.035
0 0.235 0.42333333333333334 0.03888888888888889 0.035
0 0.23333333333333334 0.4658333333333333 0.03888888888888889 0.035
0 0.45555555555555555 0.31833333333333336 0.03888888888888889 0.035
0 0.7888888888888889 0.4716666666666667 0.03888888888888889 0.035
0 0.5544444444444444 0.13666666666666666 0.03888888888888889 0.035
0 0.8216666666666667 0.15083333333333335 0.03888888888888889 0.035
0 0.6588888888888889 0.23083333333333333 0.03888888888888889 0.035
0 0.8283333333333334 0.3275 0.03888888888888889 0.035
0 0.37333333333333335 0.2025 0.03888888888888889 0.035
0 0.7388888888888889 0.22583333333333333 0.03888888888888889 0.035
0 0.8777777777777778 0.4766666666666667 0.03888888888888889 0.035
0 0.4166666666666667 0.27416666666666667 0.03888888888888889 0.035
0 0.4583333333333333 0.17666666666666667 0.03888888888888889 0.035
0 0.74 0.18083333333333335 0.03888888888888889 0.035
0 0.3188888888888889 0.77 0.03888888888888889 0.035
0 0.4583333333333333 0.7816666666666666 0.03888888888888889 0.035
0 0.7377777777777778 0.1425 0.03888888888888889 0.035
0 0.18166666666666667 0.17083333333333334 0.03888888888888889 0.035
