0 0.2136111111111111 0.4691666666666667 0.06833333333333333 0.06666666666666667
0 0.7527777777777778 0.49833333333333335 0.06833333333333333 0.06666666666666667
0 0.7483333333333333 0.345 0.06833333333333333 0.06666666666666667
0 0.21166666666666667 0.5408333333333334 0.06833333333333333 0.06666666666666667
0 0.7511111111111111 0.13333333333333333 0.06833333333333333 0.06666666666666667
0 0.7488888888888889 0.6466666666666666 0.06833333333333333 0.06666666666666667
0 0.7511111111111111 0.19333333333333333 0.06833333333333333 0.06666666666666667
0 0.7516666666666667 0.24916666666666668 0.06833333333333333 0.06666666666666667
0 0.7522222222222222 0.5441666666666667 0.06833333333333333 0.06666666666666667
0 0.7483333333333333 0.7016666666666667 0.06833333333333333 0.06666666666666667
0 0.7494444444444445 0.2991666666666667 0.06833333333333333 0.06666666666666667
0 0.7477777777777778 0.7491666666666666 0.06833333333333333 0.06666666666666667
0 0.8061111111111111 0.7466666666666667 0.06833333333333333 0.06666666666666667
0 0.21388888888888888 0.6641666666666667 0.06833333333333333 0.06666666666666667
0 0.8083333333333333 0.6916666666666667 0.06833333333333333 0.06666666666666667
0 0.20833333333333334 0.6025 0.06833333333333333 0.06666666666666667
0 0.21333333333333335 0.735 0.06833333333333333 0.06666666666666667
0 0.21944444444444444 0.09583333333333334 0.06833333333333333 0.06666666666666667
0 0.7522222222222222 0.44916666666666666 0.06833333333333333 0.06666666666666667
0 0.7516666666666667 0.6041666666666666 0.06833333333333333 0.06666666666666667
0 0.7494444444444445 0.08666666666666667 0.06833333333333333 0.06666666666666667
0 0.7494444444444445 0.39416666666666667 0.06833333333333333 0.06666666666666667
0 0.8122222222222222 0.6233333333333333 0.06833333333333333 0.06666666666666667
0 0.13333333333333333 0.7283333333333334 0.08888888888888889 0.07666666666666666
0 0.4922222222222222 0.5108333333333334 0.08888888888888889 0.07666666666666666
0 0.49833333333333335 0.39916666666666667 0.08888888888888889 0.07666666666666666
0 0.4955555555555556 0.5875 0.08888888888888889 0.07666666666666666
0 0.4938888888888889 0.7558333333333334 0.08888888888888889 0.07666666666666666
0 0.4961111111111111 0.6691666666666667 0.08888888888888889 0.07666666666666666
