0 0.10966666666666666 0.7725 0.06733333333333333 0.047
0 0.3903333333333333 0.755 0.06733333333333333 0.042
0 0.8086666666666666 0.731 0.06933333333333333 0.052
0 0.178 0.7295 0.07066666666666667 0.049
0 0.10866666666666666 0.7295 0.068 0.049
0 0.10933333333333334 0.6935 0.06266666666666666 0.045
0 0.5256666666666666 0.6875 0.056666666666666664 0.041
0 0.10866666666666666 0.6525 0.068 0.049
0 0.17166666666666666 0.65 0.06066666666666667 0.046
0 0.592 0.6405 0.06666666666666667 0.041
0 0.5286666666666666 0.64 0.068 0.048
0 0.729 0.6225 0.06466666666666666 0.049
0 0.8056666666666666 0.6205 0.06466666666666666 0.047
0 0.6633333333333333 0.6175 0.06 0.047
0 0.10733333333333334 0.609 0.064 0.05
0 0.588 0.5975 0.06266666666666666 0.045
0 0.8686666666666667 0.5745 0.05333333333333334 0.047
0 0.7296666666666667 0.577 0.066 0.052
0 0.807 0.572 0.07133333333333333 0.044
0 0.663 0.5715 0.066 0.047
0 0.5263333333333333 0.5565 0.062 0.041
0 0.10766666666666666 0.5575 0.066 0.051
0 0.17433333333333334 0.511 0.06866666666666667 0.05
0 0.10833333333333334 0.509 0.06333333333333334 0.052
0 0.17166666666666666 0.465 0.066 0.05
0 0.10966666666666666 0.461 0.06866666666666667 0.046
0 0.4543333333333333 0.4565 0.07266666666666667 0.045
0 0.3863333333333333 0.4545 0.06733333333333333 0.049
0 0.6676666666666666 0.4325 0.06733333333333333 0.045
0 0.31433333333333335 0.4285 0.07 0.045
0 0.25233333333333335 0.43 0.06333333333333334 0.05
0 0.17166666666666666 0.418 0.06733333333333333 0.048
0 0.4543333333333333 0.407 0.06733333333333333 0.05
0 0.3883333333333333 0.404 0.07266666666666667 0.05
0 0.31533333333333335 0.3865 0.06266666666666666 0.047
0 0.25066666666666665 0.385 0.064 0.046
0 0.17633333333333334 0.3655 0.06466666666666666 0.049
0 0.11433333333333333 0.366 0.062 0.05
0 0.252 0.334 0.06666666666666667 0.046
0 0.8046666666666666 0.3345 0.06533333333333333 0.049
0 0.31566666666666665 0.335 0.07 0.05
0 0.115 0.322 0.06733333333333333 0.052
0 0.17466666666666666 0.317 0.064 0.046
0 0.5276666666666666 0.3145 0.06466666666666666 0.047
0 0.31566666666666665 0.288 0.06466666666666666 0.046
0 0.251 0.288 0.06466666666666666 0.054
0 0.38666666666666666 0.2775 0.068 0.047
0 0.112 0.273 0.064 0.048
0 0.17433333333333334 0.272 0.062 0.048
0 0.7303333333333333 0.242 0.051333333333333335 0.042
0 0.672 0.242 0.05466666666666667 0.042
0 0.25 0.2365 0.06933333333333333 0.049
0 0.31566666666666665 0.2345 0.06866666666666667 0.049
0 0.11266666666666666 0.2295 0.064 0.049
0 0.17366666666666666 0.228 0.066 0.048
0 0.8096666666666666 0.1905 0.06733333333333333 0.047
0 0.729 0.191 0.06333333333333334 0.048
0 0.668 0.1935 0.068 0.053
0 0.31466666666666665 0.1905 0.06666666666666667 0.049
0 0.17666666666666667 0.186 0.06 0.046
0 0.25033333333333335 0.185 0.066 0.046
0 0.11166666666666666 0.1845 0.062 0.049
0 0.39 0.1795 0.068 0.047
0 0.454 0.1755 0.064 0.055
0 0.866 0.144 0.064 0.042
0 0.7266666666666667 0.144 0.068 0.048
0 0.31433333333333335 0.1455 0.062 0.051
0 0.24833333333333332 0.1405 0.06333333333333334 0.049
0 0.669 0.1365 0.07 0.053
0 0.8643333333333333 0.1025 0.06333333333333334 0.047
0 0.38966666666666666 0.0975 0.066 0.045
0 0.7293333333333333 0.1 0.06533333333333333 0.052
0 0.454 0.097 0.06 0.046
0 0.24966666666666668 0.0975 0.06066666666666667 0.047
0 0.6653333333333333 0.0955 0.06533333333333333 0.045
0 0.31433333333333335 0.098 0.066 0.052
0 0.4577777777777778 0.7566666666666667 0.06888888888888889 0.058333333333333334
0 0.2311111111111111 0.6225 0.06888888888888889 0.058333333333333334
0 0.2311111111111111 0.5333333333333333 0.06888888888888889 0.058333333333333334
0 0.17666666666666667 0.6808333333333333 0.06888888888888889 0.058333333333333334
0 0.33944444444444444 0.6791666666666667 0.06888888888888889 0.058333333333333334
0 0.5905555555555555 0.5625 0.06888888888888889 0.058333333333333334
0 0.3372222222222222 0.725 0.06888888888888889 0.058333333333333334
0 0.18055555555555555 0.7741666666666667 0.06888888888888889 0.058333333333333334
0 0.23666666666666666 0.7 0.06888888888888889 0.058333333333333334
0 0.28555555555555556 0.5833333333333334 0.06888888888888889 0.058333333333333334
0 0.17277777777777778 0.5558333333333333 0.06888888888888889 0.058333333333333334
0 0.2361111111111111 0.7391666666666666 0.06888888888888889 0.058333333333333334
0 0.8105555555555556 0.13916666666666666 0.06888888888888889 0.058333333333333334
0 0.28833333333333333 0.7258333333333333 0.06888888888888889 0.058333333333333334
0 0.33444444444444443 0.6275 0.06888888888888889 0.058333333333333334
0 0.23166666666666666 0.5766666666666667 0.06888888888888889 0.058333333333333334
0 0.2861111111111111 0.6358333333333334 0.06888888888888889 0.058333333333333334
0 0.8105555555555556 0.09833333333333333 0.06888888888888889 0.058333333333333334
0 0.285 0.54 0.06888888888888889 0.058333333333333334
0 0.23666666666666666 0.6641666666666667 0.06888888888888889 0.058333333333333334
0 0.28888888888888886 0.6841666666666667 0.06888888888888889 0.058333333333333334
0 0.28944444444444445 0.7775 0.06888888888888889 0.058333333333333334
0 0.53 0.605 0.06888888888888889 0.058333333333333334
0 0.17666666666666667 0.6041666666666666 0.06888888888888889 0.058333333333333334
0 0.23555555555555555 0.7758333333333334 0.06888888888888889 0.058333333333333334
0 0.11388888888888889 0.4175 0.06888888888888889 0.058333333333333334
