0 0.2791666666666667 0.15458333333333332 0.08944444444444444 0.0775
0 0.2788888888888889 0.39416666666666667 0.08944444444444444 0.0775
0 0.3572222222222222 0.6341666666666667 0.08944444444444444 0.0775
0 0.8122222222222222 0.25166666666666665 0.08944444444444444 0.0775
0 0.2772222222222222 0.6308333333333334 0.08944444444444444 0.0775
0 0.2788888888888889 0.33416666666666667 0.08944444444444444 0.0775
0 0.355 0.51 0.08944444444444444 0.0775
0 0.35833333333333334 0.21583333333333332 0.08944444444444444 0.0775
0 0.36 0.1575 0.08944444444444444 0.0775
0 0.28 0.51 0.08944444444444444 0.0775
0 0.36 0.39416666666666667 0.08944444444444444 0.0775
0 0.2772222222222222 0.5708333333333333 0.08944444444444444 0.0775
0 0.35777777777777775 0.46 0.08944444444444444 0.0775
0 0.2783333333333333 0.4558333333333333 0.08944444444444444 0.0775
0 0.27666666666666667 0.2783333333333333 0.08944444444444444 0.0775
0 0.3561111111111111 0.2758333333333333 0.08944444444444444 0.0775
0 0.35833333333333334 0.5733333333333334 0.08944444444444444 0.0775
0 0.2783333333333333 0.21583333333333332 0.08944444444444444 0.0775
0 0.3561111111111111 0.6975 0.08944444444444444 0.0775
0 0.3561111111111111 0.33166666666666667 0.08944444444444444 0.0775
0 0.6038888888888889 0.13916666666666666 0.05444444444444444 0.058333333333333334
0 0.7027777777777777 0.4691666666666667 0.05444444444444444 0.058333333333333334
0 0.6483333333333333 0.7508333333333334 0.05444444444444444 0.058333333333333334
0 0.6011111111111112 0.5433333333333333 0.05444444444444444 0.058333333333333334
0 0.6972222222222222 0.2966666666666667 0.05444444444444444 0.058333333333333334
0 0.605 0.4525 0.05444444444444444 0.058333333333333334
0 0.6044444444444445 0.39916666666666667 0.05444444444444444 0.058333333333333334
0 0.6022222222222222 0.495 0.05444444444444444 0.058333333333333334
0 0.7005555555555556 0.5208333333333334 0.05444444444444444 0.058333333333333334
0 0.6983333333333334 0.335 0.05444444444444444 0.058333333333333334
0 0.6983333333333334 0.0825 0.05444444444444444 0.058333333333333334
0 0.6994444444444444 0.1725 0.05444444444444444 0.058333333333333334
0 0.6488888888888888 0.6258333333333334 0.05444444444444444 0.058333333333333334
0 0.6477777777777778 0.32166666666666666 0.05444444444444444 0.058333333333333334
0 0.6516666666666666 0.71 0.05444444444444444 0.058333333333333334
0 0.75 0.6016666666666667 0.05444444444444444 0.058333333333333334
0 0.7461111111111111 0.515 0.05444444444444444 0.058333333333333334
0 0.7483333333333333 0.7 0.05444444444444444 0.058333333333333334
0 0.7427777777777778 0.3875 0.05444444444444444 0.058333333333333334
0 0.8038888888888889 0.485 0.05444444444444444 0.058333333333333334
0 0.6466666666666666 0.3625 0.05444444444444444 0.058333333333333334
0 0.6983333333333334 0.1225 0.05444444444444444 0.058333333333333334
0 0.8605555555555555 0.5508333333333333 0.05444444444444444 0.058333333333333334
0 0.7461111111111111 0.30416666666666664 0.05444444444444444 0.058333333333333334
0 0.8588888888888889 0.49583333333333335 0.05444444444444444 0.058333333333333334
0 0.8594444444444445 0.4425 0.05444444444444444 0.058333333333333334
0 0.7488888888888889 0.5625 0.05444444444444444 0.058333333333333334
0 0.6483333333333333 0.5816666666666667 0.05444444444444444 0.058333333333333334
0 0.65 0.23333333333333334 0.05444444444444444 0.058333333333333334
0 0.6488888888888888 0.18416666666666667 0.05444444444444444 0.058333333333333334
0 0.7477777777777778 0.7558333333333334 0.05444444444444444 0.058333333333333334
0 0.7461111111111111 0.4775 0.05444444444444444 0.058333333333333334
0 0.8027777777777778 0.44166666666666665 0.05444444444444444 0.058333333333333334
0 0.7 0.4241666666666667 0.05444444444444444 0.058333333333333334
0 0.8016666666666666 0.3433333333333333 0.05444444444444444 0.058333333333333334
0 0.6027777777777777 0.22833333333333333 0.05444444444444444 0.058333333333333334
0 0.7438888888888889 0.4175 0.05444444444444444 0.058333333333333334
0 0.6483333333333333 0.44416666666666665 0.05444444444444444 0.058333333333333334
0 0.8072222222222222 0.5858333333333333 0.05444444444444444 0.058333333333333334
0 0.7011111111111111 0.5583333333333333 0.05444444444444444 0.058333333333333334
0 0.65 0.5358333333333334 0.05444444444444444 0.058333333333333334
0 0.8511111111111112 0.3466666666666667 0.05444444444444444 0.058333333333333334
0 0.7427777777777778 0.3516666666666667 0.05444444444444444 0.058333333333333334
0 0.7016666666666667 0.7466666666666667 0.05444444444444444 0.058333333333333334
0 0.8072222222222222 0.5375 0.05444444444444444 0.058333333333333334
0 0.6511111111111111 0.6666666666666666 0.05444444444444444 0.058333333333333334
0 0.6005555555555555 0.6275 0.05444444444444444 0.058333333333333334
0 0.6994444444444444 0.2075 0.05444444444444444 0.058333333333333334
0 0.7483333333333333 0.6541666666666667 0.05444444444444444 0.058333333333333334
0 0.6038888888888889 0.18583333333333332 0.05444444444444444 0.058333333333333334
0 0.6488888888888888 0.49083333333333334 0.05444444444444444 0.058333333333333334
0 0.605 0.7516666666666667 0.05444444444444444 0.058333333333333334
0 0.7016666666666667 0.7025 0.05444444444444444 0.058333333333333334
0 0.6016666666666667 0.6575 0.05444444444444444 0.058333333333333334
0 0.6483333333333333 0.14416666666666667 0.05444444444444444 0.058333333333333334
0 0.6038888888888889 0.31583333333333335 0.05444444444444444 0.058333333333333334
0 0.6483333333333333 0.275 0.05444444444444444 0.058333333333333334
0 0.6005555555555555 0.35583333333333333 0.05444444444444444 0.058333333333333334
0 0.6977777777777778 0.655 0.05444444444444444 0.058333333333333334
0 0.6016666666666667 0.5775 0.05444444444444444 0.058333333333333334
0 0.855 0.3975 0.05444444444444444 0.058333333333333334
0 0.6016666666666667 0.275 0.05444444444444444 0.058333333333333334
0 0.6027777777777777 0.7 0.05444444444444444 0.058333333333333334
0 0.6983333333333334 0.2525 0.05444444444444444 0.058333333333333334
0 0.8 0.37916666666666665 0.05444444444444444 0.058333333333333334
0 0.6988888888888889 0.6025 0.05444444444444444 0.058333333333333334
0 0.6983333333333334 0.38166666666666665 0.05444444444444444 0.058333333333333334
0 0.8622222222222222 0.5908333333333333 0.05444444444444444 0.058333333333333334
0 0.6488888888888888 0.40166666666666667 0.05444444444444444 0.058333333333333334
0 0.7458333333333333 0.17166666666666666 0.051666666666666666 0.04833333333333333
0 0.1388888888888889 0.7479166666666667 0.03666666666666667 0.024166666666666666
0 0.09805555555555556 0.71375 0.04055555555555555 0.034166666666666665
0 0.7436111111111111 0.12583333333333332 0.04833333333333333 0.043333333333333335
0 0.09944444444444445 0.74375 0.034444444444444444 0.024166666666666666
0 0.8758333333333334 0.23791666666666667 0.051666666666666666 0.11083333333333334
0 0.7458333333333333 0.08916666666666667 0.05277777777777778 0.04666666666666667
0 0.8047222222222222 0.09625 0.0661111111111111 0.0675
0 0.8033333333333333 0.14 0.06888888888888889 0.065
0 0.8697222222222222 0.14791666666666667 0.06166666666666667 0.05583333333333333
0 0.8672222222222222 0.09666666666666666 0.07222222222222222 0.07333333333333333
0 0.805 0.1875 0.06777777777777778 0.065
