0 0.5193333333333333 0.778 0.028 0.032
0 0.7086666666666667 0.7745 0.025333333333333333 0.033
0 0.6693333333333333 0.77 0.028 0.036
0 0.146 0.769 0.037333333333333336 0.04
0 0.191 0.762 0.03666666666666667 0.04
0 0.27666666666666667 0.7605 0.030666666666666665 0.039
0 0.233 0.7585 0.03266666666666666 0.049
0 0.23066666666666666 0.717 0.032 0.036
0 0.3233333333333333 0.7155 0.03866666666666667 0.039
0 0.2743333333333333 0.709 0.03 0.036
0 0.11066666666666666 0.709 0.044 0.048
0 0.304 0.6655 0.034666666666666665 0.039
0 0.5133333333333333 0.657 0.037333333333333336 0.038
0 0.10433333333333333 0.654 0.046 0.046
0 0.172 0.6425 0.04533333333333334 0.045
0 0.512 0.597 0.037333333333333336 0.036
0 0.7406666666666667 0.594 0.04666666666666667 0.034
0 0.5116666666666667 0.5595 0.03133333333333333 0.035
0 0.5976666666666667 0.555 0.03266666666666666 0.034
0 0.23466666666666666 0.55 0.03866666666666667 0.036
0 0.5136666666666667 0.517 0.042 0.04
0 0.597 0.5105 0.035333333333333335 0.033
0 0.5523333333333333 0.511 0.03266666666666666 0.036
0 0.279 0.484 0.03266666666666666 0.038
0 0.5146666666666667 0.4785 0.02666666666666667 0.033
0 0.10566666666666667 0.484 0.043333333333333335 0.046
0 0.7106666666666667 0.474 0.03866666666666667 0.036
0 0.65 0.4585 0.03866666666666667 0.033
0 0.241 0.46 0.03133333333333333 0.038
0 0.46166666666666667 0.458 0.03133333333333333 0.036
0 0.31866666666666665 0.442 0.03333333333333333 0.036
0 0.36866666666666664 0.435 0.034666666666666665 0.042
0 0.162 0.427 0.034666666666666665 0.038
0 0.699 0.4235 0.03 0.033
0 0.10933333333333334 0.4265 0.032 0.041
0 0.743 0.429 0.038 0.068
0 0.648 0.3965 0.04133333333333333 0.047
0 0.321 0.3935 0.035333333333333335 0.045
0 0.36766666666666664 0.383 0.03266666666666666 0.036
0 0.8073333333333333 0.377 0.03333333333333333 0.032
0 0.7023333333333334 0.372 0.03933333333333333 0.046
0 0.16033333333333333 0.369 0.03933333333333333 0.044
0 0.244 0.351 0.029333333333333333 0.038
0 0.7593333333333333 0.347 0.037333333333333336 0.038
0 0.30333333333333334 0.3495 0.036 0.047
0 0.36733333333333335 0.334 0.029333333333333333 0.032
0 0.6473333333333333 0.337 0.03866666666666667 0.04
0 0.703 0.3175 0.034 0.029
0 0.15833333333333333 0.3185 0.03666666666666667 0.045
0 0.11 0.3195 0.04 0.047
0 0.5183333333333333 0.304 0.03133333333333333 0.032
0 0.563 0.3035 0.034 0.035
0 0.8743333333333333 0.303 0.03666666666666667 0.04
0 0.421 0.293 0.03266666666666666 0.032
0 0.7483333333333333 0.284 0.03266666666666666 0.038
0 0.30633333333333335 0.286 0.03933333333333333 0.046
0 0.253 0.2765 0.015333333333333332 0.049
0 0.154 0.262 0.042666666666666665 0.044
0 0.4633333333333333 0.255 0.032 0.034
0 0.4196666666666667 0.254 0.03133333333333333 0.034
0 0.37066666666666664 0.2535 0.036 0.033
0 0.869 0.2505 0.03666666666666667 0.045
0 0.52 0.234 0.03333333333333333 0.038
0 0.689 0.227 0.035333333333333335 0.04
0 0.24 0.221 0.04533333333333334 0.048
0 0.29033333333333333 0.2205 0.042 0.051
0 0.159 0.203 0.035333333333333335 0.034
0 0.784 0.196 0.04133333333333333 0.042
0 0.8786666666666667 0.188 0.036 0.044
0 0.37133333333333335 0.1755 0.036 0.043
0 0.246 0.169 0.03866666666666667 0.044
0 0.2956666666666667 0.163 0.043333333333333335 0.054
0 0.106 0.155 0.042666666666666665 0.052
0 0.15633333333333332 0.1525 0.04066666666666666 0.051
0 0.7303333333333333 0.1465 0.03666666666666667 0.045
0 0.5643333333333334 0.1195 0.028666666666666667 0.031
0 0.8366666666666667 0.122 0.036 0.038
0 0.29533333333333334 0.1115 0.044 0.049
0 0.24333333333333335 0.113 0.048 0.056
0 0.791 0.091 0.035333333333333335 0.038
0 0.5636666666666666 0.0815 0.03266666666666666 0.039
0 0.5186666666666667 0.0785 0.03333333333333333 0.035
0 0.8863333333333333 0.078 0.042 0.05
0 0.10694444444444444 0.20541666666666666 0.041666666666666664 0.049166666666666664
0 0.465 0.07583333333333334 0.041666666666666664 0.049166666666666664
0 0.4588888888888889 0.5816666666666667 0.041666666666666664 0.049166666666666664
0 0.415 0.5816666666666667 0.041666666666666664 0.049166666666666664
0 0.29888888888888887 0.6066666666666667 0.041666666666666664 0.049166666666666664
0 0.3977777777777778 0.73 0.041666666666666664 0.049166666666666664
0 0.33555555555555555 0.615 0.041666666666666664 0.049166666666666664
0 0.46111111111111114 0.5316666666666666 0.041666666666666664 0.049166666666666664
0 0.4588888888888889 0.68 0.041666666666666664 0.049166666666666664
0 0.41555555555555557 0.5366666666666666 0.041666666666666664 0.049166666666666664
0 0.10666666666666667 0.26166666666666666 0.041666666666666664 0.049166666666666664
0 0.42 0.36916666666666664 0.041666666666666664 0.049166666666666664
0 0.265 0.6233333333333333 0.041666666666666664 0.049166666666666664
0 0.23722222222222222 0.5941666666666666 0.041666666666666664 0.049166666666666664
0 0.4533333333333333 0.7491666666666666 0.041666666666666664 0.049166666666666664
0 0.3288888888888889 0.7808333333333334 0.041666666666666664 0.049166666666666664
0 0.3377777777777778 0.5541666666666667 0.041666666666666664 0.049166666666666664
0 0.37722222222222224 0.48333333333333334 0.041666666666666664 0.049166666666666664
0 0.4627777777777778 0.36916666666666664 0.041666666666666664 0.049166666666666664
0 0.3738888888888889 0.685 0.041666666666666664 0.049166666666666664
0 0.41833333333333333 0.075 0.041666666666666664 0.049166666666666664
0 0.41944444444444445 0.6808333333333333 0.041666666666666664 0.049166666666666664
0 0.4177777777777778 0.11166666666666666 0.041666666666666664 0.049166666666666664
0 0.17555555555555555 0.7058333333333333 0.041666666666666664 0.049166666666666664
0 0.465 0.33 0.041666666666666664 0.049166666666666664
0 0.41555555555555557 0.14583333333333334 0.041666666666666664 0.049166666666666664
0 0.4633333333333333 0.1125 0.041666666666666664 0.049166666666666664
0 0.375 0.07583333333333334 0.041666666666666664 0.049166666666666664
0 0.4166666666666667 0.1775 0.041666666666666664 0.049166666666666664
0 0.24833333333333332 0.3933333333333333 0.041666666666666664 0.049166666666666664
0 0.385 0.6225 0.041666666666666664 0.049166666666666664
0 0.5555555555555556 0.5575 0.041666666666666664 0.049166666666666664
0 0.5633333333333334 0.4025 0.041666666666666664 0.049166666666666664
0 0.5561111111111111 0.5941666666666666 0.041666666666666664 0.049166666666666664
0 0.595 0.4675 0.041666666666666664 0.049166666666666664
0 0.605 0.08583333333333333 0.041666666666666664 0.049166666666666664
0 0.6038888888888889 0.23166666666666666 0.041666666666666664 0.049166666666666664
0 0.5611111111111111 0.7783333333333333 0.041666666666666664 0.049166666666666664
0 0.10888888888888888 0.37 0.041666666666666664 0.049166666666666664
0 0.5166666666666667 0.2708333333333333 0.041666666666666664 0.049166666666666664
0 0.5538888888888889 0.4716666666666667 0.041666666666666664 0.049166666666666664
0 0.6522222222222223 0.225 0.041666666666666664 0.049166666666666664
0 0.8127777777777778 0.3075 0.041666666666666664 0.049166666666666664
0 0.7 0.5241666666666667 0.041666666666666664 0.049166666666666664
0 0.7361111111111112 0.6883333333333334 0.041666666666666664 0.049166666666666664
0 0.7022222222222222 0.7275 0.041666666666666664 0.049166666666666664
0 0.6061111111111112 0.30583333333333335 0.041666666666666664 0.049166666666666664
0 0.6911111111111111 0.6733333333333333 0.041666666666666664 0.049166666666666664
0 0.8361111111111111 0.1875 0.041666666666666664 0.049166666666666664
0 0.6544444444444445 0.5166666666666667 0.041666666666666664 0.049166666666666664
0 0.6638888888888889 0.5758333333333333 0.041666666666666664 0.049166666666666664
0 0.6566666666666666 0.7075 0.041666666666666664 0.049166666666666664
0 0.6038888888888889 0.26666666666666666 0.041666666666666664 0.049166666666666664
0 0.7372222222222222 0.7416666666666667 0.041666666666666664 0.049166666666666664
0 0.7444444444444445 0.5358333333333334 0.041666666666666664 0.049166666666666664
0 0.7905555555555556 0.6858333333333333 0.041666666666666664 0.049166666666666664
0 0.8255555555555556 0.7441666666666666 0.041666666666666664 0.049166666666666664
0 0.7211111111111111 0.6383333333333333 0.041666666666666664 0.049166666666666664
0 0.8877777777777778 0.6025 0.041666666666666664 0.049166666666666664
0 0.8855555555555555 0.7141666666666666 0.041666666666666664 0.049166666666666664
0 0.8561111111111112 0.7116666666666667 0.041666666666666664 0.049166666666666664
0 0.825 0.5983333333333334 0.041666666666666664 0.049166666666666664
0 0.79 0.6 0.041666666666666664 0.049166666666666664
0 0.8555555555555555 0.6025 0.041666666666666664 0.049166666666666664
0 0.8216666666666667 0.71 0.041666666666666664 0.049166666666666664
0 0.7916666666666666 0.7108333333333333 0.041666666666666664 0.049166666666666664
0 0.8216666666666667 0.6816666666666666 0.041666666666666664 0.049166666666666664
0 0.8844444444444445 0.6833333333333333 0.041666666666666664 0.049166666666666664
0 0.6533333333333333 0.6425 0.041666666666666664 0.049166666666666664
0 0.7911111111111111 0.7458333333333333 0.041666666666666664 0.049166666666666664
0 0.8544444444444445 0.685 0.041666666666666664 0.049166666666666664
0 0.8711111111111111 0.5666666666666667 0.041666666666666664 0.049166666666666664
0 0.7883333333333333 0.6366666666666667 0.041666666666666664 0.049166666666666664
