0 0.44333333333333336 0.35625 0.04111111111111111 0.034166666666666665
0 0.49444444444444446 0.5316666666666666 0.04111111111111111 0.034166666666666665
0 0.49166666666666664 0.15083333333333335 0.04111111111111111 0.034166666666666665
0 0.21 0.7391666666666666 0.04111111111111111 0.034166666666666665
0 0.44333333333333336 0.5316666666666666 0.04111111111111111 0.034166666666666665
0 0.14944444444444444 0.735 0.04111111111111111 0.034166666666666665
0 0.5355555555555556 0.72 0.04111111111111111 0.034166666666666665
0 0.10333333333333333 0.6758333333333333 0.04111111111111111 0.034166666666666665
0 0.4922222222222222 0.49416666666666664 0.04111111111111111 0.034166666666666665
0 0.5427777777777778 0.49083333333333334 0.04111111111111111 0.034166666666666665
0 0.49333333333333335 0.3541666666666667 0.04111111111111111 0.034166666666666665
0 0.4438888888888889 0.2125 0.04111111111111111 0.034166666666666665
0 0.31666666666666665 0.7416666666666667 0.04111111111111111 0.034166666666666665
0 0.5411111111111111 0.6475 0.04111111111111111 0.034166666666666665
0 0.5383333333333333 0.6891666666666667 0.04111111111111111 0.034166666666666665
0 0.5438888888888889 0.38083333333333336 0.04111111111111111 0.034166666666666665
0 0.43944444444444447 0.76 0.04111111111111111 0.034166666666666665
0 0.26611111111111113 0.5216666666666666 0.04111111111111111 0.034166666666666665
0 0.49166666666666664 0.6091666666666666 0.04111111111111111 0.034166666666666665
0 0.48777777777777775 0.645 0.04111111111111111 0.034166666666666665
0 0.5438888888888889 0.16 0.04111111111111111 0.034166666666666665
0 0.4922222222222222 0.4633333333333333 0.04111111111111111 0.034166666666666665
0 0.44 0.6441666666666667 0.04111111111111111 0.034166666666666665
0 0.48833333333333334 0.7525 0.04111111111111111 0.034166666666666665
0 0.44166666666666665 0.5616666666666666 0.04111111111111111 0.034166666666666665
0 0.5455555555555556 0.3466666666666667 0.04111111111111111 0.034166666666666665
0 0.44 0.4583333333333333 0.04111111111111111 0.034166666666666665
0 0.49444444444444446 0.39 0.04111111111111111 0.034166666666666665
0 0.10611111111111111 0.7333333333333333 0.04111111111111111 0.034166666666666665
0 0.26222222222222225 0.64 0.04111111111111111 0.034166666666666665
0 0.43944444444444447 0.7175 0.04111111111111111 0.034166666666666665
0 0.2644444444444444 0.6825 0.04111111111111111 0.034166666666666665
0 0.26611111111111113 0.7366666666666667 0.04111111111111111 0.034166666666666665
0 0.445 0.42083333333333334 0.04111111111111111 0.034166666666666665
0 0.4888888888888889 0.7191666666666666 0.04111111111111111 0.034166666666666665
0 0.48944444444444446 0.4225 0.04111111111111111 0.034166666666666665
0 0.4938888888888889 0.5683333333333334 0.04111111111111111 0.034166666666666665
0 0.54 0.4583333333333333 0.04111111111111111 0.034166666666666665
0 0.44055555555555553 0.49583333333333335 0.04111111111111111 0.034166666666666665
0 0.5427777777777778 0.525 0.04111111111111111 0.034166666666666665
0 0.44277777777777777 0.6075 0.04111111111111111 0.034166666666666665
0 0.5438888888888889 0.4166666666666667 0.04111111111111111 0.034166666666666665
0 0.44055555555555553 0.6825 0.04111111111111111 0.034166666666666665
0 0.5394444444444444 0.6066666666666667 0.04111111111111111 0.034166666666666665
0 0.495 0.6858333333333333 0.04111111111111111 0.034166666666666665
0 0.54 0.5683333333333334 0.04111111111111111 0.034166666666666665
0 0.545 0.20583333333333334 0.04111111111111111 0.034166666666666665
0 0.265 0.4091666666666667 0.04111111111111111 0.034166666666666665
0 0.15166666666666667 0.6658333333333334 0.04111111111111111 0.034166666666666665
0 0.44555555555555554 0.3883333333333333 0.04111111111111111 0.034166666666666665
0 0.44277777777777777 0.15666666666666668 0.04111111111111111 0.034166666666666665
0 0.10666666666666667 0.6033333333333334 0.04111111111111111 0.034166666666666665
0 0.26555555555555554 0.5816666666666667 0.04111111111111111 0.034166666666666665
0 0.6505555555555556 0.6541666666666667 0.04111111111111111 0.034166666666666665
0 0.6461111111111111 0.4533333333333333 0.04111111111111111 0.034166666666666665
0 0.6038888888888889 0.5425 0.04111111111111111 0.034166666666666665
0 0.6527777777777778 0.5333333333333333 0.04111111111111111 0.034166666666666665
0 0.8255555555555556 0.12583333333333332 0.04111111111111111 0.034166666666666665
0 0.7027777777777777 0.5275 0.04111111111111111 0.034166666666666665
0 0.65 0.4875 0.04111111111111111 0.034166666666666665
0 0.6955555555555556 0.4825 0.04111111111111111 0.034166666666666665
0 0.6022222222222222 0.645 0.04111111111111111 0.034166666666666665
0 0.6616666666666666 0.35083333333333333 0.04111111111111111 0.034166666666666665
0 0.695 0.4508333333333333 0.04111111111111111 0.034166666666666665
0 0.6005555555555555 0.45666666666666667 0.04111111111111111 0.034166666666666665
0 0.6977777777777778 0.6541666666666667 0.04111111111111111 0.034166666666666665
0 0.6088888888888889 0.5883333333333334 0.04111111111111111 0.034166666666666665
0 0.6044444444444445 0.5 0.04111111111111111 0.034166666666666665
0 0.6588888888888889 0.5875 0.04111111111111111 0.034166666666666665
0 0.7722222222222223 0.12333333333333334 0.04111111111111111 0.034166666666666665
0 0.6622222222222223 0.12666666666666668 0.051111111111111114 0.05
0 0.6083333333333333 0.09083333333333334 0.051111111111111114 0.05
0 0.6616666666666666 0.21916666666666668 0.051111111111111114 0.05
0 0.6622222222222223 0.0875 0.051111111111111114 0.05
0 0.7111111111111111 0.22 0.051111111111111114 0.05
0 0.6611111111111111 0.30083333333333334 0.051111111111111114 0.05
0 0.6933333333333334 0.39916666666666667 0.051111111111111114 0.05
0 0.7155555555555555 0.08416666666666667 0.051111111111111114 0.05
0 0.7116666666666667 0.13083333333333333 0.051111111111111114 0.05
0 0.7761111111111111 0.26166666666666666 0.051111111111111114 0.05
0 0.6083333333333333 0.17583333333333334 0.051111111111111114 0.05
0 0.6605555555555556 0.17666666666666667 0.051111111111111114 0.05
0 0.8438888888888889 0.25416666666666665 0.051111111111111114 0.05
0 0.6716666666666666 0.7333333333333333 0.051111111111111114 0.05
0 0.6116666666666667 0.7466666666666667 0.051111111111111114 0.05
0 0.7111111111111111 0.3075 0.051111111111111114 0.05
0 0.6083333333333333 0.2608333333333333 0.051111111111111114 0.05
0 0.605 0.305 0.051111111111111114 0.05
0 0.6088888888888889 0.13333333333333333 0.051111111111111114 0.05
0 0.6088888888888889 0.21833333333333332 0.051111111111111114 0.05
0 0.66 0.2633333333333333 0.051111111111111114 0.05
0 0.6061111111111112 0.35083333333333333 0.051111111111111114 0.05
0 0.7105555555555556 0.25833333333333336 0.051111111111111114 0.05
0 0.7122222222222222 0.18083333333333335 0.051111111111111114 0.05
0 0.6061111111111112 0.41333333333333333 0.051111111111111114 0.05
0 0.49166666666666664 0.25583333333333336 0.051111111111111114 0.05
0 0.49444444444444446 0.21083333333333334 0.051111111111111114 0.05
