0 0.13972222222222222 0.46375 0.055 0.050833333333333335
0 0.8416666666666667 0.7425 0.055 0.050833333333333335
0 0.5161111111111111 0.4166666666666667 0.055 0.050833333333333335
0 0.8583333333333333 0.37583333333333335 0.055 0.050833333333333335
0 0.7105555555555556 0.47 0.055 0.050833333333333335
0 0.8066666666666666 0.18416666666666667 0.055 0.050833333333333335
0 0.7988888888888889 0.4583333333333333 0.055 0.050833333333333335
0 0.7961111111111111 0.7466666666666667 0.055 0.050833333333333335
0 0.8555555555555555 0.3225 0.055 0.050833333333333335
0 0.8555555555555555 0.20333333333333334 0.055 0.050833333333333335
0 0.46166666666666667 0.4125 0.055 0.050833333333333335
0 0.7122222222222222 0.5425 0.055 0.050833333333333335
0 0.7977777777777778 0.24333333333333335 0.055 0.050833333333333335
0 0.7955555555555556 0.5075 0.055 0.050833333333333335
0 0.32222222222222224 0.45416666666666666 0.055 0.050833333333333335
0 0.5566666666666666 0.4116666666666667 0.055 0.050833333333333335
0 0.4438888888888889 0.6608333333333334 0.055 0.050833333333333335
0 0.86 0.26666666666666666 0.055 0.050833333333333335
0 0.7927777777777778 0.415 0.055 0.050833333333333335
0 0.8561111111111112 0.4716666666666667 0.055 0.050833333333333335
0 0.5994444444444444 0.53 0.055 0.050833333333333335
0 0.8583333333333333 0.5725 0.055 0.050833333333333335
0 0.8888888888888888 0.7358333333333333 0.055 0.050833333333333335
0 0.8705555555555555 0.6858333333333333 0.055 0.050833333333333335
0 0.8655555555555555 0.775 0.055 0.050833333333333335
0 0.7088888888888889 0.41333333333333333 0.055 0.050833333333333335
0 0.26611111111111113 0.15333333333333332 0.055 0.050833333333333335
0 0.5166666666666667 0.6183333333333333 0.055 0.050833333333333335
0 0.45 0.36833333333333335 0.055 0.050833333333333335
0 0.5994444444444444 0.6141666666666666 0.055 0.050833333333333335
0 0.8194444444444444 0.7775 0.055 0.050833333333333335
0 0.8622222222222222 0.42333333333333334 0.055 0.050833333333333335
0 0.795 0.6891666666666667 0.055 0.050833333333333335
0 0.5944444444444444 0.47 0.055 0.050833333333333335
0 0.8038888888888889 0.2975 0.055 0.050833333333333335
0 0.2738888888888889 0.4583333333333333 0.055 0.050833333333333335
0 0.3233333333333333 0.35083333333333333 0.055 0.050833333333333335
0 0.5172222222222222 0.7241666666666666 0.055 0.050833333333333335
0 0.8616666666666667 0.5241666666666667 0.055 0.050833333333333335
0 0.8344444444444444 0.6566666666666666 0.055 0.050833333333333335
0 0.8294444444444444 0.7083333333333334 0.055 0.050833333333333335
0 0.2722222222222222 0.2941666666666667 0.055 0.050833333333333335
0 0.13444444444444445 0.7258333333333333 0.055 0.050833333333333335
0 0.1411111111111111 0.5983333333333334 0.055 0.050833333333333335
0 0.7872222222222223 0.6383333333333333 0.055 0.050833333333333335
0 0.6616666666666666 0.4075 0.055 0.050833333333333335
0 0.27166666666666667 0.395 0.055 0.050833333333333335
0 0.7955555555555556 0.5691666666666667 0.055 0.050833333333333335
0 0.8911111111111111 0.6366666666666667 0.055 0.050833333333333335
0 0.3211111111111111 0.39666666666666667 0.055 0.050833333333333335
0 0.275 0.3491666666666667 0.055 0.050833333333333335
0 0.5233333333333333 0.47333333333333333 0.055 0.050833333333333335
0 0.2972222222222222 0.6666666666666666 0.055 0.050833333333333335
0 0.7927777777777778 0.3616666666666667 0.055 0.050833333333333335
0 0.45611111111111113 0.47833333333333333 0.055 0.050833333333333335
0 0.5188888888888888 0.36916666666666664 0.055 0.050833333333333335
0 0.5172222222222222 0.6658333333333334 0.055 0.050833333333333335
0 0.27555555555555555 0.5125 0.055 0.050833333333333335
0 0.5577777777777778 0.37416666666666665 0.055 0.050833333333333335
