0 0.5076666666666667 0.769 0.078 0.06
0 0.19366666666666665 0.7585 0.08066666666666666 0.061
0 0.665 0.764 0.086 0.076
0 0.8393333333333334 0.732 0.08933333333333333 0.056
0 0.42633333333333334 0.722 0.07266666666666667 0.058
0 0.115 0.717 0.082 0.06
0 0.5063333333333333 0.717 0.08066666666666666 0.07
0 0.6613333333333333 0.7125 0.08 0.071
0 0.19166666666666668 0.7025 0.082 0.067
0 0.8356666666666667 0.6805 0.08333333333333333 0.067
0 0.43166666666666664 0.6705 0.082 0.055
0 0.5066666666666667 0.6685 0.09066666666666667 0.065
0 0.116 0.666 0.07466666666666667 0.06
0 0.19166666666666668 0.658 0.07533333333333334 0.066
0 0.8383333333333334 0.624 0.09 0.066
0 0.6636666666666666 0.6205 0.074 0.061
0 0.113 0.616 0.074 0.062
0 0.19233333333333333 0.6085 0.07533333333333334 0.059
0 0.26966666666666667 0.6055 0.07666666666666666 0.057
0 0.509 0.6065 0.09266666666666666 0.067
0 0.43333333333333335 0.5805 0.08933333333333333 0.061
0 0.6626666666666666 0.574 0.072 0.07
0 0.11866666666666667 0.5705 0.07333333333333333 0.063
0 0.8356666666666667 0.571 0.08733333333333333 0.066
0 0.5046666666666667 0.561 0.08133333333333333 0.058
0 0.191 0.561 0.082 0.062
0 0.2693333333333333 0.557 0.07333333333333333 0.056
0 0.42733333333333334 0.5275 0.07733333333333334 0.057
0 0.6683333333333333 0.5195 0.09 0.063
0 0.841 0.5125 0.08733333333333333 0.063
0 0.5076666666666667 0.5105 0.08866666666666667 0.061
0 0.19333333333333333 0.505 0.072 0.056
0 0.119 0.5085 0.094 0.071
0 0.27066666666666667 0.5 0.07733333333333334 0.058
0 0.7426666666666667 0.485 0.076 0.06
0 0.42866666666666664 0.48 0.07466666666666667 0.064
0 0.508 0.461 0.08266666666666667 0.066
0 0.8376666666666667 0.4575 0.086 0.065
0 0.19666666666666666 0.4515 0.076 0.061
0 0.27366666666666667 0.452 0.074 0.064
0 0.11266666666666666 0.451 0.08533333333333333 0.064
0 0.7426666666666667 0.4275 0.08 0.065
0 0.42933333333333334 0.425 0.088 0.064
0 0.6673333333333333 0.418 0.07866666666666666 0.066
0 0.507 0.414 0.082 0.062
0 0.193 0.401 0.078 0.054
0 0.8413333333333334 0.4015 0.08666666666666667 0.061
0 0.11166666666666666 0.4005 0.07533333333333334 0.063
0 0.42866666666666664 0.3715 0.08266666666666667 0.059
0 0.744 0.373 0.084 0.064
0 0.6633333333333333 0.364 0.07066666666666667 0.062
0 0.5083333333333333 0.36 0.08333333333333333 0.07
0 0.115 0.348 0.07266666666666667 0.062
0 0.19466666666666665 0.3415 0.08133333333333333 0.061
0 0.746 0.3185 0.07733333333333334 0.059
0 0.6686666666666666 0.314 0.08 0.06
0 0.429 0.315 0.078 0.064
0 0.505 0.3035 0.074 0.067
0 0.27366666666666667 0.299 0.07933333333333334 0.06
0 0.11666666666666667 0.2995 0.07333333333333333 0.061
0 0.19066666666666668 0.297 0.06666666666666667 0.064
0 0.8403333333333334 0.2805 0.09133333333333334 0.067
0 0.429 0.2645 0.07266666666666667 0.061
0 0.7463333333333333 0.264 0.086 0.064
0 0.6676666666666666 0.2605 0.07666666666666666 0.059
0 0.115 0.2535 0.07533333333333334 0.067
0 0.27666666666666667 0.2455 0.08 0.063
0 0.19266666666666668 0.2445 0.084 0.061
0 0.5086666666666667 0.247 0.07733333333333334 0.07
0 0.667 0.213 0.07933333333333334 0.054
0 0.5856666666666667 0.2125 0.07933333333333334 0.061
0 0.42966666666666664 0.2135 0.07933333333333334 0.063
0 0.8376666666666667 0.2185 0.094 0.075
0 0.744 0.202 0.084 0.06
0 0.11033333333333334 0.202 0.08466666666666667 0.068
0 0.508 0.1955 0.08266666666666667 0.063
0 0.2733333333333333 0.1895 0.07733333333333334 0.065
0 0.194 0.189 0.08266666666666667 0.064
0 0.6633333333333333 0.1705 0.06666666666666667 0.061
0 0.431 0.164 0.074 0.066
0 0.5866666666666667 0.1595 0.07466666666666667 0.063
0 0.8386666666666667 0.161 0.09466666666666666 0.074
0 0.7403333333333333 0.15 0.07533333333333334 0.062
0 0.115 0.146 0.06333333333333334 0.06
0 0.505 0.139 0.07933333333333334 0.058
0 0.2783333333333333 0.1395 0.07933333333333334 0.059
0 0.19633333333333333 0.1415 0.08066666666666666 0.063
0 0.6626666666666666 0.1195 0.07733333333333334 0.063
0 0.43166666666666664 0.114 0.07533333333333334 0.07
0 0.5853333333333334 0.109 0.07466666666666667 0.068
0 0.8383333333333334 0.1015 0.09133333333333334 0.071
0 0.741 0.0955 0.078 0.063
0 0.5076666666666667 0.0925 0.07 0.057
0 0.19466666666666665 0.091 0.06666666666666667 0.06
0 0.27266666666666667 0.0875 0.08533333333333333 0.063
0 0.27444444444444444 0.3954166666666667 0.07444444444444444 0.0625
0 0.6672222222222223 0.6691666666666667 0.07444444444444444 0.0625
0 0.6694444444444444 0.4691666666666667 0.07444444444444444 0.0625
0 0.4311111111111111 0.6266666666666667 0.07444444444444444 0.0625
0 0.2722222222222222 0.3491666666666667 0.07444444444444444 0.0625
