0 0.233 0.777 0.05533333333333333 0.032
0 0.176 0.776 0.05466666666666667 0.03
0 0.11866666666666667 0.772 0.056 0.032
0 0.352 0.7665 0.05466666666666667 0.029
0 0.2906666666666667 0.7555 0.056 0.031
0 0.234 0.7475 0.05466666666666667 0.029
0 0.175 0.7395 0.054 0.027
0 0.8756666666666667 0.74 0.05533333333333333 0.036
0 0.12 0.7355 0.05466666666666667 0.029
0 0.529 0.7265 0.054 0.027
0 0.28933333333333333 0.7215 0.056 0.033
0 0.4073333333333333 0.718 0.056 0.032
0 0.23166666666666666 0.7145 0.054 0.029
0 0.7563333333333333 0.709 0.058 0.04
0 0.6966666666666667 0.706 0.058666666666666666 0.04
0 0.11833333333333333 0.7015 0.05533333333333333 0.031
0 0.4696666666666667 0.697 0.054 0.028
0 0.17566666666666667 0.701 0.05533333333333333 0.036
0 0.64 0.6915 0.05333333333333334 0.027
0 0.3516666666666667 0.689 0.054 0.028
0 0.23366666666666666 0.6825 0.05533333333333333 0.031
0 0.28633333333333333 0.687 0.056666666666666664 0.046
0 0.173 0.6665 0.05533333333333333 0.037
0 0.11933333333333333 0.6625 0.056 0.033
0 0.758 0.66 0.06 0.038
0 0.4053333333333333 0.6525 0.05333333333333334 0.027
0 0.351 0.6505 0.054 0.029
0 0.7006666666666667 0.653 0.05733333333333333 0.036
0 0.28633333333333333 0.651 0.05533333333333333 0.032
0 0.23166666666666666 0.6485 0.054 0.029
0 0.119 0.631 0.054 0.028
0 0.4666666666666667 0.6205 0.05466666666666667 0.029
0 0.405 0.6175 0.05266666666666667 0.027
0 0.231 0.6155 0.05533333333333333 0.033
0 0.758 0.617 0.05733333333333333 0.038
0 0.2833333333333333 0.615 0.056 0.034
0 0.698 0.6115 0.05733333333333333 0.039
0 0.85 0.601 0.05466666666666667 0.03
0 0.17033333333333334 0.596 0.05533333333333333 0.032
0 0.6353333333333333 0.5865 0.05466666666666667 0.033
0 0.467 0.584 0.054 0.028
0 0.4043333333333333 0.582 0.05533333333333333 0.032
0 0.3476666666666667 0.581 0.05533333333333333 0.032
0 0.2843333333333333 0.576 0.05533333333333333 0.032
0 0.232 0.576 0.05466666666666667 0.032
0 0.7596666666666667 0.5745 0.058 0.039
0 0.7003333333333334 0.569 0.056666666666666664 0.036
0 0.848 0.562 0.05333333333333334 0.028
0 0.11433333333333333 0.561 0.054 0.028
0 0.169 0.5575 0.054 0.031
0 0.4686666666666667 0.5505 0.05466666666666667 0.031
0 0.3473333333333333 0.5445 0.056 0.035
0 0.231 0.5445 0.05533333333333333 0.035
0 0.6363333333333333 0.543 0.05533333333333333 0.034
0 0.581 0.5425 0.05533333333333333 0.035
0 0.11166666666666666 0.528 0.054 0.028
0 0.16933333333333334 0.528 0.05466666666666667 0.03
0 0.7603333333333333 0.533 0.056666666666666664 0.042
0 0.847 0.5235 0.05533333333333333 0.035
0 0.5213333333333333 0.5195 0.05333333333333334 0.027
0 0.6996666666666667 0.5175 0.058 0.041
0 0.404 0.5105 0.05466666666666667 0.033
0 0.3466666666666667 0.51 0.05466666666666667 0.032
0 0.6423333333333333 0.495 0.05266666666666667 0.026
0 0.5796666666666667 0.4985 0.05533333333333333 0.033
0 0.11133333333333334 0.4955 0.05333333333333334 0.027
0 0.164 0.498 0.056 0.04
0 0.5203333333333333 0.4815 0.054 0.029
0 0.4653333333333333 0.4795 0.05466666666666667 0.029
0 0.8513333333333334 0.483 0.056 0.038
0 0.347 0.4765 0.05533333333333333 0.031
0 0.4053333333333333 0.4755 0.05466666666666667 0.031
0 0.29033333333333333 0.473 0.05533333333333333 0.032
0 0.6426666666666667 0.454 0.05466666666666667 0.03
0 0.163 0.4565 0.056666666666666664 0.037
0 0.111 0.456 0.05533333333333333 0.036
0 0.6983333333333334 0.451 0.05533333333333333 0.034
0 0.5196666666666667 0.446 0.05533333333333333 0.034
0 0.28833333333333333 0.441 0.054 0.028
0 0.23 0.4415 0.05466666666666667 0.029
0 0.4033333333333333 0.443 0.056 0.038
0 0.344 0.4375 0.05466666666666667 0.029
0 0.16333333333333333 0.4205 0.05466666666666667 0.031
0 0.5846666666666667 0.4165 0.05466666666666667 0.031
0 0.6413333333333333 0.4155 0.05466666666666667 0.031
0 0.112 0.4185 0.056 0.037
0 0.748 0.4105 0.05466666666666667 0.031
0 0.5213333333333333 0.409 0.05466666666666667 0.028
0 0.231 0.408 0.05533333333333333 0.032
0 0.4026666666666667 0.4055 0.05466666666666667 0.031
0 0.2856666666666667 0.4065 0.05533333333333333 0.033
0 0.345 0.403 0.054 0.03
0 0.8476666666666667 0.401 0.05533333333333333 0.032
0 0.798 0.4005 0.056 0.035
0 0.16366666666666665 0.382 0.05533333333333333 0.032
0 0.113 0.382 0.05533333333333333 0.034
0 0.6403333333333333 0.378 0.054 0.028
0 0.584 0.3795 0.05466666666666667 0.031
0 0.521 0.373 0.054 0.03
0 0.23333333333333334 0.3715 0.056 0.031
0 0.40066666666666667 0.3705 0.05466666666666667 0.031
0 0.287 0.3685 0.054 0.029
0 0.3453333333333333 0.3645 0.05466666666666667 0.029
0 0.797 0.3635 0.054 0.029
0 0.6946666666666667 0.366 0.05466666666666667 0.034
0 0.8483333333333334 0.363 0.05533333333333333 0.032
0 0.7466666666666667 0.3595 0.05466666666666667 0.031
0 0.16166666666666665 0.344 0.054 0.03
0 0.5836666666666667 0.344 0.05533333333333333 0.032
0 0.11033333333333334 0.346 0.056666666666666664 0.036
0 0.2856666666666667 0.3385 0.05533333333333333 0.035
0 0.3463333333333333 0.3305 0.05266666666666667 0.027
0 0.23066666666666666 0.3355 0.056 0.037
0 0.4026666666666667 0.333 0.056 0.034
0 0.8496666666666667 0.3235 0.054 0.027
0 0.6916666666666667 0.326 0.05533333333333333 0.034
0 0.7983333333333333 0.323 0.05533333333333333 0.036
0 0.7486666666666667 0.3245 0.05733333333333333 0.043
0 0.639 0.3105 0.05533333333333333 0.031
0 0.10866666666666666 0.314 0.056 0.038
0 0.584 0.309 0.05466666666666667 0.032
0 0.16366666666666665 0.3075 0.05533333333333333 0.033
0 0.5203333333333333 0.301 0.054 0.028
0 0.4633333333333333 0.299 0.05333333333333334 0.028
0 0.4026666666666667 0.3015 0.05466666666666667 0.035
0 0.346 0.2965 0.05333333333333334 0.027
0 0.28733333333333333 0.299 0.05466666666666667 0.034
0 0.23133333333333334 0.2985 0.056 0.037
0 0.693 0.284 0.05533333333333333 0.034
0 0.11 0.28 0.056 0.038
0 0.7476666666666667 0.279 0.059333333333333335 0.042
0 0.6396666666666667 0.2725 0.05533333333333333 0.033
0 0.16933333333333334 0.2735 0.06933333333333333 0.039
0 0.5833333333333334 0.2695 0.056 0.035
0 0.5213333333333333 0.266 0.05466666666666667 0.028
0 0.23533333333333334 0.268 0.05466666666666667 0.032
0 0.28933333333333333 0.268 0.05466666666666667 0.034
0 0.4026666666666667 0.263 0.05466666666666667 0.03
0 0.461 0.2625 0.05533333333333333 0.037
0 0.345 0.2605 0.05533333333333333 0.033
0 0.8396666666666667 0.25 0.054 0.028
0 0.7433333333333333 0.246 0.05466666666666667 0.03
0 0.794 0.242 0.05466666666666667 0.03
0 0.6933333333333334 0.2435 0.05733333333333333 0.039
0 0.10866666666666666 0.2405 0.056 0.037
0 0.16133333333333333 0.237 0.05466666666666667 0.032
0 0.289 0.2365 0.05533333333333333 0.033
0 0.6383333333333333 0.232 0.05533333333333333 0.034
0 0.5816666666666667 0.2295 0.05533333333333333 0.031
0 0.23233333333333334 0.2315 0.05533333333333333 0.035
0 0.5206666666666667 0.229 0.05466666666666667 0.036
0 0.4 0.227 0.05466666666666667 0.032
0 0.3453333333333333 0.222 0.056 0.038
0 0.744 0.208 0.05466666666666667 0.03
0 0.16533333333333333 0.2075 0.05466666666666667 0.029
0 0.8396666666666667 0.207 0.05533333333333333 0.032
0 0.10833333333333334 0.2065 0.05533333333333333 0.041
0 0.6376666666666667 0.199 0.05533333333333333 0.034
0 0.28633333333333333 0.199 0.056666666666666664 0.038
0 0.5793333333333334 0.194 0.05466666666666667 0.03
0 0.22966666666666666 0.1975 0.05533333333333333 0.037
0 0.52 0.1905 0.05466666666666667 0.029
0 0.6876666666666666 0.1665 0.054 0.029
0 0.794 0.168 0.056 0.036
0 0.7416666666666667 0.169 0.058 0.04
0 0.2836666666666667 0.1625 0.054 0.029
0 0.16466666666666666 0.165 0.056 0.036
0 0.23066666666666666 0.163 0.056 0.036
0 0.106 0.1645 0.05733333333333333 0.039
0 0.5793333333333334 0.157 0.05466666666666667 0.032
0 0.518 0.157 0.05466666666666667 0.032
0 0.4603333333333333 0.1575 0.05533333333333333 0.033
0 0.3453333333333333 0.156 0.05466666666666667 0.03
0 0.399 0.157 0.05533333333333333 0.034
0 0.2843333333333333 0.123 0.054 0.028
0 0.23166666666666666 0.1255 0.05533333333333333 0.033
0 0.579 0.125 0.05533333333333333 0.034
0 0.6373333333333333 0.1215 0.05466666666666667 0.029
0 0.793 0.121 0.05533333333333333 0.032
0 0.4613333333333333 0.122 0.056 0.036
0 0.3993333333333333 0.121 0.056 0.034
0 0.3443333333333333 0.1225 0.05533333333333333 0.039
0 0.5183333333333333 0.119 0.05533333333333333 0.034
0 0.3963333333333333 0.09 0.05533333333333333 0.032
0 0.577 0.0885 0.054 0.031
0 0.46166666666666667 0.087 0.05533333333333333 0.034
0 0.284 0.086 0.05466666666666667 0.032
0 0.518 0.0835 0.05466666666666667 0.029
0 0.3413333333333333 0.0845 0.056 0.031
0 0.23033333333333333 0.085 0.05533333333333333 0.032
0 0.7393333333333333 0.0845 0.056 0.033
0 0.636 0.0855 0.056 0.035
0 0.7873333333333333 0.0825 0.056 0.033
0 0.8803333333333333 0.0815 0.06066666666666667 0.047
0 0.11638888888888889 0.5970833333333333 0.05722222222222222 0.03916666666666667
0 0.4083333333333333 0.765 0.05722222222222222 0.03916666666666667
0 0.6383333333333333 0.1525 0.05722222222222222 0.03916666666666667
0 0.4683333333333333 0.5108333333333334 0.05722222222222222 0.03916666666666667
0 0.4727777777777778 0.7683333333333333 0.05722222222222222 0.03916666666666667
0 0.47 0.6616666666666666 0.05722222222222222 0.03916666666666667
0 0.5822222222222222 0.5941666666666666 0.05722222222222222 0.03916666666666667
0 0.465 0.33416666666666667 0.05722222222222222 0.03916666666666667
0 0.4727777777777778 0.7316666666666667 0.05722222222222222 0.03916666666666667
0 0.5294444444444445 0.7591666666666667 0.05722222222222222 0.03916666666666667
0 0.6961111111111111 0.12666666666666668 0.05722222222222222 0.03916666666666667
0 0.46555555555555556 0.4125 0.05722222222222222 0.03916666666666667
0 0.3433333333333333 0.18583333333333332 0.05722222222222222 0.03916666666666667
0 0.5822222222222222 0.6458333333333334 0.05722222222222222 0.03916666666666667
0 0.6377777777777778 0.7283333333333334 0.05722222222222222 0.03916666666666667
0 0.23166666666666666 0.4766666666666667 0.05722222222222222 0.03916666666666667
0 0.46555555555555556 0.37333333333333335 0.05722222222222222 0.03916666666666667
0 0.4622222222222222 0.18833333333333332 0.05722222222222222 0.03916666666666667
0 0.5261111111111111 0.6891666666666667 0.05722222222222222 0.03916666666666667
0 0.525 0.6608333333333334 0.05722222222222222 0.03916666666666667
0 0.4633333333333333 0.22916666666666666 0.05722222222222222 0.03916666666666667
0 0.6933333333333334 0.085 0.05722222222222222 0.03916666666666667
0 0.5827777777777777 0.6883333333333334 0.05722222222222222 0.03916666666666667
0 0.4072222222222222 0.5441666666666667 0.05722222222222222 0.03916666666666667
0 0.6911111111111111 0.2125 0.05722222222222222 0.03916666666666667
0 0.7072222222222222 0.7766666666666666 0.05722222222222222 0.03916666666666667
0 0.5244444444444445 0.5508333333333333 0.05722222222222222 0.03916666666666667
0 0.2288888888888889 0.51 0.05722222222222222 0.03916666666666667
0 0.4072222222222222 0.6891666666666667 0.05722222222222222 0.03916666666666667
0 0.5222222222222223 0.62 0.05722222222222222 0.03916666666666667
0 0.5261111111111111 0.5833333333333334 0.05722222222222222 0.03916666666666667
0 0.6972222222222222 0.41083333333333333 0.05722222222222222 0.03916666666666667
0 0.5844444444444444 0.7341666666666666 0.05722222222222222 0.03916666666666667
0 0.35055555555555556 0.7266666666666667 0.05722222222222222 0.03916666666666667
0 0.6444444444444445 0.3425 0.05722222222222222 0.03916666666666667
0 0.28833333333333333 0.5433333333333333 0.05722222222222222 0.03916666666666667
0 0.7444444444444445 0.12083333333333333 0.05722222222222222 0.03916666666666667
0 0.4666666666666667 0.44333333333333336 0.05722222222222222 0.03916666666666667
0 0.28888888888888886 0.5066666666666667 0.05722222222222222 0.03916666666666667
0 0.6372222222222222 0.6383333333333333 0.05722222222222222 0.03916666666666667
0 0.40166666666666667 0.19416666666666665 0.05722222222222222 0.03916666666666667
0 0.7505555555555555 0.4425 0.05722222222222222 0.03916666666666667
0 0.3516666666666667 0.6166666666666667 0.05722222222222222 0.03916666666666667
0 0.8480555555555556 0.28625 0.04388888888888889 0.04083333333333333
0 0.8022222222222222 0.48291666666666666 0.04777777777777778 0.04583333333333333
0 0.8891666666666667 0.5341666666666667 0.021666666666666667 0.06833333333333333
0 0.5244444444444445 0.3333333333333333 0.04777777777777778 0.058333333333333334
0 0.8425 0.08916666666666667 0.050555555555555555 0.03666666666666667
0 0.7980555555555555 0.20333333333333334 0.050555555555555555 0.043333333333333335
0 0.8872222222222222 0.14375 0.03222222222222222 0.07583333333333334
0 0.8891666666666667 0.21916666666666668 0.03833333333333333 0.085
0 0.8933333333333333 0.3020833333333333 0.03111111111111111 0.07583333333333334
0 0.8027777777777778 0.4404166666666667 0.052222222222222225 0.035833333333333335
0 0.5863888888888888 0.4533333333333333 0.05611111111111111 0.043333333333333335
0 0.8475 0.13416666666666666 0.05611111111111111 0.045
0 0.8947222222222222 0.4633333333333333 0.02722222222222222 0.08833333333333333
0 0.8225 0.7370833333333333 0.05388888888888889 0.04083333333333333
0 0.8525 0.44166666666666665 0.05277777777777778 0.03833333333333333
0 0.8938888888888888 0.38125 0.027777777777777776 0.07916666666666666
0 0.7980555555555555 0.2825 0.050555555555555555 0.04
0 0.8458333333333333 0.17333333333333334 0.049444444444444444 0.04
