0 0.10333333333333333 0.34291666666666665 0.11777777777777777 0.09083333333333334
0 0.4866666666666667 0.6383333333333333 0.11777777777777777 0.09083333333333334
0 0.6072222222222222 0.18833333333333332 0.11777777777777777 0.09083333333333334
0 0.4855555555555556 0.43666666666666665 0.11777777777777777 0.09083333333333334
0 0.6133333333333333 0.2575 0.11777777777777777 0.09083333333333334
0 0.10055555555555555 0.2791666666666667 0.11777777777777777 0.09083333333333334
0 0.4872222222222222 0.335 0.11777777777777777 0.09083333333333334
0 0.2388888888888889 0.4375 0.11777777777777777 0.09083333333333334
0 0.10222222222222223 0.5416666666666666 0.11777777777777777 0.09083333333333334
0 0.23444444444444446 0.8216666666666667 0.11777777777777777 0.09083333333333334
0 0.36333333333333334 0.5041666666666667 0.11777777777777777 0.09083333333333334
0 0.23222222222222222 0.88 0.11777777777777777 0.09083333333333334
0 0.23333333333333334 0.36583333333333334 0.11777777777777777 0.09083333333333334
0 0.09944444444444445 0.7441666666666666 0.11777777777777777 0.09083333333333334
0 0.23277777777777778 0.6958333333333333 0.11777777777777777 0.09083333333333334
0 0.35888888888888887 0.8091666666666667 0.11777777777777777 0.09083333333333334
0 0.09722222222222222 0.8708333333333333 0.11777777777777777 0.09083333333333334
0 0.23055555555555557 0.6325 0.11777777777777777 0.09083333333333334
0 0.4855555555555556 0.18666666666666668 0.11777777777777777 0.09083333333333334
0 0.3611111111111111 0.37166666666666665 0.11777777777777777 0.09083333333333334
0 0.10055555555555555 0.6116666666666667 0.11777777777777777 0.09083333333333334
0 0.23944444444444443 0.18833333333333332 0.11777777777777777 0.09083333333333334
0 0.10166666666666667 0.6691666666666667 0.11777777777777777 0.09083333333333334
0 0.36333333333333334 0.25083333333333335 0.11777777777777777 0.09083333333333334
0 0.10055555555555555 0.8066666666666666 0.11777777777777777 0.09083333333333334
0 0.3616666666666667 0.5583333333333333 0.11777777777777777 0.09083333333333334
0 0.3638888888888889 0.7441666666666666 0.11777777777777777 0.09083333333333334
0 0.49277777777777776 0.775 0.11777777777777777 0.09083333333333334
0 0.10388888888888889 0.4825 0.11777777777777777 0.09083333333333334
0 0.3516666666666667 0.885 0.11777777777777777 0.09083333333333334
0 0.2361111111111111 0.7683333333333333 0.11777777777777777 0.09083333333333334
0 0.23833333333333334 0.24583333333333332 0.11777777777777777 0.09083333333333334
0 0.10555555555555556 0.4175 0.11777777777777777 0.09083333333333334
0 0.36444444444444446 0.18 0.11777777777777777 0.09083333333333334
0 0.235 0.5716666666666667 0.11777777777777777 0.09083333333333334
0 0.49 0.5075 0.11777777777777777 0.09083333333333334
0 0.36444444444444446 0.43 0.11777777777777777 0.09083333333333334
0 0.48333333333333334 0.24416666666666667 0.11777777777777777 0.09083333333333334
0 0.23277777777777778 0.51 0.11777777777777777 0.09083333333333334
0 0.2361111111111111 0.31 0.11777777777777777 0.09083333333333334
0 0.36277777777777775 0.6266666666666667 0.11777777777777777 0.09083333333333334
0 0.3605555555555556 0.68 0.11777777777777777 0.09083333333333334
0 0.49 0.705 0.11777777777777777 0.09083333333333334
0 0.4911111111111111 0.5666666666666667 0.11777777777777777 0.09083333333333334
0 0.36444444444444446 0.31 0.11777777777777777 0.09083333333333334
