0 0.3219444444444444 0.28291666666666665 0.06944444444444445 0.07916666666666666
0 0.52 0.25916666666666666 0.06944444444444445 0.07916666666666666
0 0.52 0.15083333333333335 0.06944444444444445 0.07916666666666666
0 0.6172222222222222 0.2425 0.06944444444444445 0.07916666666666666
0 0.11833333333333333 0.20166666666666666 0.06944444444444445 0.07916666666666666
0 0.19 0.43583333333333335 0.06944444444444445 0.07916666666666666
0 0.6855555555555556 0.2425 0.06944444444444445 0.07916666666666666
0 0.115 0.3575 0.06944444444444445 0.07916666666666666
0 0.19333333333333333 0.31083333333333335 0.06944444444444445 0.07916666666666666
0 0.28888888888888886 0.20583333333333334 0.06944444444444445 0.07916666666666666
0 0.6166666666666667 0.14 0.06944444444444445 0.07916666666666666
0 0.8388888888888889 0.2758333333333333 0.06944444444444445 0.07916666666666666
0 0.6172222222222222 0.2916666666666667 0.06944444444444445 0.07916666666666666
0 0.18444444444444444 0.5233333333333333 0.06944444444444445 0.07916666666666666
0 0.36 0.21083333333333334 0.06944444444444445 0.07916666666666666
0 0.11611111111111111 0.30916666666666665 0.06944444444444445 0.07916666666666666
0 0.6827777777777778 0.19166666666666668 0.06944444444444445 0.07916666666666666
0 0.12055555555555555 0.2525 0.06944444444444445 0.07916666666666666
0 0.19666666666666666 0.25833333333333336 0.06944444444444445 0.07916666666666666
0 0.4494444444444444 0.2658333333333333 0.06944444444444445 0.07916666666666666
0 0.62 0.19666666666666666 0.06944444444444445 0.07916666666666666
0 0.685 0.14583333333333334 0.06944444444444445 0.07916666666666666
0 0.11555555555555555 0.43416666666666665 0.06944444444444445 0.07916666666666666
0 0.11722222222222223 0.5391666666666667 0.06944444444444445 0.07916666666666666
0 0.5211111111111111 0.2075 0.06944444444444445 0.07916666666666666
0 0.4477777777777778 0.21 0.06944444444444445 0.07916666666666666
0 0.19555555555555557 0.19166666666666668 0.06944444444444445 0.07916666666666666
0 0.19277777777777777 0.35833333333333334 0.06944444444444445 0.07916666666666666
0 0.4697222222222222 0.32625 0.03833333333333333 0.0725
0 0.4261111111111111 0.335 0.042222222222222223 0.07
0 0.7805555555555556 0.13 0.06 0.06166666666666667
0 0.7788888888888889 0.28833333333333333 0.06 0.06166666666666667
0 0.8455555555555555 0.17916666666666667 0.06 0.06166666666666667
0 0.8444444444444444 0.2225 0.06 0.06166666666666667
0 0.7805555555555556 0.3408333333333333 0.06 0.06166666666666667
0 0.7816666666666666 0.43166666666666664 0.06 0.06166666666666667
0 0.7822222222222223 0.23666666666666666 0.06 0.06166666666666667
0 0.7811111111111111 0.52 0.06 0.06166666666666667
0 0.7811111111111111 0.4791666666666667 0.06 0.06166666666666667
0 0.7816666666666666 0.18583333333333332 0.06 0.06166666666666667
0 0.7794444444444445 0.3875 0.06 0.06166666666666667
