0 0.14583333333333334 0.7370833333333333 0.09166666666666666 0.0725
0 0.11472222222222223 0.24958333333333332 0.07611111111111112 0.06916666666666667
0 0.4236111111111111 0.09958333333333333 0.10277777777777777 0.0975
0 0.42333333333333334 0.195 0.10277777777777777 0.0975
0 0.2822222222222222 0.175 0.10277777777777777 0.0975
0 0.2777777777777778 0.3575 0.10277777777777777 0.0975
0 0.2847222222222222 0.0975 0.10055555555555555 0.07833333333333334
0 0.27666666666666667 0.29583333333333334 0.10055555555555555 0.07833333333333334
0 0.2783333333333333 0.42916666666666664 0.10055555555555555 0.07833333333333334
0 0.28 0.24 0.10055555555555555 0.07833333333333334
0 0.11611111111111111 0.1825 0.07111111111111111 0.07666666666666666
0 0.18444444444444444 0.18791666666666668 0.06888888888888889 0.07416666666666667
