0 0.10888888888888888 0.18125 0.05444444444444444 0.05416666666666667
0 0.3038888888888889 0.6458333333333334 0.05444444444444444 0.05416666666666667
0 0.2111111111111111 0.7566666666666667 0.05444444444444444 0.05416666666666667
0 0.11 0.6033333333333334 0.05444444444444444 0.05416666666666667
0 0.2538888888888889 0.36333333333333334 0.05444444444444444 0.05416666666666667
0 0.20666666666666667 0.48583333333333334 0.05444444444444444 0.05416666666666667
0 0.10833333333333334 0.7241666666666666 0.05444444444444444 0.05416666666666667
0 0.305 0.25333333333333335 0.05444444444444444 0.05416666666666667
0 0.2561111111111111 0.6925 0.05444444444444444 0.05416666666666667
0 0.16277777777777777 0.6666666666666666 0.05444444444444444 0.05416666666666667
0 0.3016666666666667 0.14666666666666667 0.05444444444444444 0.05416666666666667
0 0.11222222222222222 0.2375 0.05444444444444444 0.05416666666666667
0 0.25277777777777777 0.20583333333333334 0.05444444444444444 0.05416666666666667
0 0.15722222222222224 0.4925 0.05444444444444444 0.05416666666666667
0 0.20666666666666667 0.37583333333333335 0.05444444444444444 0.05416666666666667
0 0.31055555555555553 0.7416666666666667 0.05444444444444444 0.05416666666666667
0 0.11 0.28833333333333333 0.05444444444444444 0.05416666666666667
0 0.20722222222222222 0.5391666666666667 0.05444444444444444 0.05416666666666667
0 0.15944444444444444 0.23333333333333334 0.05444444444444444 0.05416666666666667
0 0.10944444444444444 0.44416666666666665 0.05444444444444444 0.05416666666666667
0 0.2061111111111111 0.4241666666666667 0.05444444444444444 0.05416666666666667
0 0.10888888888888888 0.3933333333333333 0.05444444444444444 0.05416666666666667
0 0.3016666666666667 0.19916666666666666 0.05444444444444444 0.05416666666666667
0 0.20777777777777778 0.6516666666666666 0.05444444444444444 0.05416666666666667
0 0.16055555555555556 0.3475 0.05444444444444444 0.05416666666666667
0 0.11055555555555556 0.4841666666666667 0.05444444444444444 0.05416666666666667
0 0.15722222222222224 0.6016666666666667 0.05444444444444444 0.05416666666666667
0 0.15611111111111112 0.18083333333333335 0.05444444444444444 0.05416666666666667
0 0.16111111111111112 0.7225 0.05444444444444444 0.05416666666666667
0 0.3005555555555556 0.09916666666666667 0.05444444444444444 0.05416666666666667
0 0.2088888888888889 0.15583333333333332 0.05444444444444444 0.05416666666666667
0 0.25555555555555554 0.10333333333333333 0.05444444444444444 0.05416666666666667
0 0.10777777777777778 0.3425 0.05444444444444444 0.05416666666666667
0 0.25277777777777777 0.14833333333333334 0.05444444444444444 0.05416666666666667
0 0.30722222222222223 0.3616666666666667 0.05444444444444444 0.05416666666666667
0 0.21 0.6941666666666667 0.05444444444444444 0.05416666666666667
0 0.31055555555555553 0.6933333333333334 0.05444444444444444 0.05416666666666667
0 0.15833333333333333 0.44 0.05444444444444444 0.05416666666666667
0 0.255 0.42333333333333334 0.05444444444444444 0.05416666666666667
0 0.20666666666666667 0.5941666666666666 0.05444444444444444 0.05416666666666667
0 0.21 0.26666666666666666 0.05444444444444444 0.05416666666666667
0 0.25555555555555554 0.5891666666666666 0.05444444444444444 0.05416666666666667
0 0.26 0.755 0.05444444444444444 0.05416666666666667
0 0.3038888888888889 0.5866666666666667 0.05444444444444444 0.05416666666666667
0 0.25277777777777777 0.5341666666666667 0.05444444444444444 0.05416666666666667
0 0.25333333333333335 0.48 0.05444444444444444 0.05416666666666667
0 0.11333333333333333 0.6625 0.05444444444444444 0.05416666666666667
0 0.25833333333333336 0.6416666666666667 0.05444444444444444 0.05416666666666667
0 0.30277777777777776 0.47 0.05444444444444444 0.05416666666666667
0 0.20444444444444446 0.20583333333333334 0.05444444444444444 0.05416666666666667
0 0.15888888888888889 0.135 0.05444444444444444 0.05416666666666667
0 0.3038888888888889 0.30333333333333334 0.05444444444444444 0.05416666666666667
0 0.16111111111111112 0.39416666666666667 0.05444444444444444 0.05416666666666667
0 0.15611111111111112 0.5491666666666667 0.05444444444444444 0.05416666666666667
0 0.20555555555555555 0.32166666666666666 0.05444444444444444 0.05416666666666667
0 0.20944444444444443 0.1025 0.05444444444444444 0.05416666666666667
0 0.30277777777777776 0.5233333333333333 0.05444444444444444 0.05416666666666667
0 0.25666666666666665 0.30916666666666665 0.05444444444444444 0.05416666666666667
0 0.16 0.295 0.05444444444444444 0.05416666666666667
0 0.10888888888888888 0.5425 0.05444444444444444 0.05416666666666667
0 0.3038888888888889 0.4083333333333333 0.05444444444444444 0.05416666666666667
0 0.45 0.19666666666666666 0.05444444444444444 0.05416666666666667
0 0.40055555555555555 0.1075 0.05444444444444444 0.05416666666666667
0 0.3477777777777778 0.24583333333333332 0.05444444444444444 0.05416666666666667
0 0.35055555555555556 0.5183333333333333 0.05444444444444444 0.05416666666666667
0 0.4022222222222222 0.6441666666666667 0.05444444444444444 0.05416666666666667
0 0.44722222222222224 0.54 0.05444444444444444 0.05416666666666667
0 0.4066666666666667 0.7058333333333333 0.05444444444444444 0.05416666666666667
0 0.4 0.5925 0.05444444444444444 0.05416666666666667
0 0.36 0.71 0.05444444444444444 0.05416666666666667
0 0.4483333333333333 0.6958333333333333 0.05444444444444444 0.05416666666666667
0 0.3488888888888889 0.35 0.05444444444444444 0.05416666666666667
0 0.4033333333333333 0.7516666666666667 0.05444444444444444 0.05416666666666667
0 0.4538888888888889 0.25583333333333336 0.05444444444444444 0.05416666666666667
0 0.3605555555555556 0.7641666666666667 0.05444444444444444 0.05416666666666667
0 0.40055555555555555 0.5433333333333333 0.05444444444444444 0.05416666666666667
0 0.4038888888888889 0.15666666666666668 0.05444444444444444 0.05416666666666667
0 0.35444444444444445 0.19833333333333333 0.05444444444444444 0.05416666666666667
0 0.35777777777777775 0.6583333333333333 0.05444444444444444 0.05416666666666667
0 0.34944444444444445 0.4658333333333333 0.05444444444444444 0.05416666666666667
0 0.4483333333333333 0.6383333333333333 0.05444444444444444 0.05416666666666667
0 0.3527777777777778 0.09916666666666667 0.05444444444444444 0.05416666666666667
0 0.4 0.49833333333333335 0.05444444444444444 0.05416666666666667
0 0.4494444444444444 0.3516666666666667 0.05444444444444444 0.05416666666666667
0 0.45111111111111113 0.15083333333333335 0.05444444444444444 0.05416666666666667
0 0.4011111111111111 0.3 0.05444444444444444 0.05416666666666667
0 0.4494444444444444 0.7491666666666666 0.05444444444444444 0.05416666666666667
0 0.40444444444444444 0.24666666666666667 0.05444444444444444 0.05416666666666667
0 0.3527777777777778 0.6133333333333333 0.05444444444444444 0.05416666666666667
0 0.45222222222222225 0.10416666666666667 0.05444444444444444 0.05416666666666667
0 0.45055555555555554 0.30333333333333334 0.05444444444444444 0.05416666666666667
0 0.44722222222222224 0.5875 0.05444444444444444 0.05416666666666667
0 0.39611111111111114 0.45 0.05444444444444444 0.05416666666666667
0 0.3522222222222222 0.4058333333333333 0.05444444444444444 0.05416666666666667
0 0.4027777777777778 0.20666666666666667 0.05444444444444444 0.05416666666666667
0 0.3983333333333333 0.4008333333333333 0.05444444444444444 0.05416666666666667
0 0.4488888888888889 0.44166666666666665 0.05444444444444444 0.05416666666666667
0 0.34944444444444445 0.29833333333333334 0.05444444444444444 0.05416666666666667
0 0.44666666666666666 0.4891666666666667 0.05444444444444444 0.05416666666666667
0 0.45055555555555554 0.39916666666666667 0.05444444444444444 0.05416666666666667
0 0.3972222222222222 0.3491666666666667 0.05444444444444444 0.05416666666666667
0 0.3511111111111111 0.14083333333333334 0.05444444444444444 0.05416666666666667
0 0.3516666666666667 0.5591666666666667 0.05444444444444444 0.05416666666666667
0 0.6722222222222223 0.15083333333333335 0.05444444444444444 0.05416666666666667
0 0.49944444444444447 0.13916666666666666 0.05444444444444444 0.05416666666666667
0 0.5866666666666667 0.7658333333333334 0.05444444444444444 0.05416666666666667
0 0.6766666666666666 0.4725 0.05444444444444444 0.05416666666666667
0 0.6283333333333333 0.445 0.05444444444444444 0.05416666666666667
0 0.6783333333333333 0.6533333333333333 0.05444444444444444 0.05416666666666667
0 0.675 0.42083333333333334 0.05444444444444444 0.05416666666666667
0 0.675 0.19916666666666666 0.05444444444444444 0.05416666666666667
0 0.5461111111111111 0.28833333333333333 0.05444444444444444 0.05416666666666667
0 0.675 0.5616666666666666 0.05444444444444444 0.05416666666666667
0 0.5894444444444444 0.3775 0.05444444444444444 0.05416666666666667
0 0.5816666666666667 0.6266666666666667 0.05444444444444444 0.05416666666666667
0 0.63 0.09333333333333334 0.05444444444444444 0.05416666666666667
0 0.5838888888888889 0.5375 0.05444444444444444 0.05416666666666667
0 0.5894444444444444 0.41833333333333333 0.05444444444444444 0.05416666666666667
0 0.5377777777777778 0.6316666666666667 0.05444444444444444 0.05416666666666667
0 0.5927777777777777 0.1425 0.05444444444444444 0.05416666666666667
0 0.5844444444444444 0.45666666666666667 0.05444444444444444 0.05416666666666667
0 0.63 0.13833333333333334 0.05444444444444444 0.05416666666666667
0 0.6261111111111111 0.39916666666666667 0.05444444444444444 0.05416666666666667
0 0.4988888888888889 0.2941666666666667 0.05444444444444444 0.05416666666666667
0 0.6244444444444445 0.6458333333333334 0.05444444444444444 0.05416666666666667
0 0.59 0.1875 0.05444444444444444 0.05416666666666667
0 0.5416666666666666 0.4325 0.05444444444444444 0.05416666666666667
0 0.4961111111111111 0.48 0.05444444444444444 0.05416666666666667
0 0.6277777777777778 0.32083333333333336 0.05444444444444444 0.05416666666666667
0 0.4955555555555556 0.43416666666666665 0.05444444444444444 0.05416666666666667
0 0.5472222222222223 0.14333333333333334 0.05444444444444444 0.05416666666666667
0 0.625 0.27166666666666667 0.05444444444444444 0.05416666666666667
0 0.4922222222222222 0.6725 0.05444444444444444 0.05416666666666667
0 0.5455555555555556 0.24333333333333335 0.05444444444444444 0.05416666666666667
0 0.5433333333333333 0.18833333333333332 0.05444444444444444 0.05416666666666667
0 0.5922222222222222 0.7133333333333334 0.05444444444444444 0.05416666666666667
0 0.5416666666666666 0.7208333333333333 0.05444444444444444 0.05416666666666667
0 0.5372222222222223 0.6791666666666667 0.05444444444444444 0.05416666666666667
0 0.5877777777777777 0.3325 0.05444444444444444 0.05416666666666667
0 0.595 0.09583333333333334 0.05444444444444444 0.05416666666666667
0 0.5844444444444444 0.5 0.05444444444444444 0.05416666666666667
0 0.49277777777777776 0.7225 0.05444444444444444 0.05416666666666667
0 0.6316666666666667 0.785 0.05444444444444444 0.05416666666666667
0 0.495 0.52 0.05444444444444444 0.05416666666666667
0 0.4955555555555556 0.38916666666666666 0.05444444444444444 0.05416666666666667
0 0.5016666666666667 0.24833333333333332 0.05444444444444444 0.05416666666666667
0 0.6783333333333333 0.5183333333333333 0.05444444444444444 0.05416666666666667
0 0.625 0.5666666666666667 0.05444444444444444 0.05416666666666667
0 0.6788888888888889 0.6033333333333334 0.05444444444444444 0.05416666666666667
0 0.5911111111111111 0.2325 0.05444444444444444 0.05416666666666667
0 0.6727777777777778 0.3641666666666667 0.05444444444444444 0.05416666666666667
0 0.6238888888888889 0.5283333333333333 0.05444444444444444 0.05416666666666667
0 0.49166666666666664 0.5675 0.05444444444444444 0.05416666666666667
0 0.5372222222222223 0.53 0.05444444444444444 0.05416666666666667
0 0.5466666666666666 0.095 0.05444444444444444 0.05416666666666667
0 0.5427777777777778 0.47833333333333333 0.05444444444444444 0.05416666666666667
0 0.6294444444444445 0.18666666666666668 0.05444444444444444 0.05416666666666667
0 0.6261111111111111 0.68 0.05444444444444444 0.05416666666666667
0 0.4961111111111111 0.3358333333333333 0.05444444444444444 0.05416666666666667
0 0.5911111111111111 0.2841666666666667 0.05444444444444444 0.05416666666666667
0 0.6761111111111111 0.7808333333333334 0.05444444444444444 0.05416666666666667
0 0.6272222222222222 0.3591666666666667 0.05444444444444444 0.05416666666666667
0 0.6244444444444445 0.6116666666666667 0.05444444444444444 0.05416666666666667
0 0.6361111111111111 0.7083333333333334 0.05444444444444444 0.05416666666666667
0 0.545 0.3875 0.05444444444444444 0.05416666666666667
0 0.5 0.0925 0.05444444444444444 0.05416666666666667
0 0.49833333333333335 0.19 0.05444444444444444 0.05416666666666667
0 0.49722222222222223 0.7625 0.05444444444444444 0.05416666666666667
0 0.6744444444444444 0.31 0.05444444444444444 0.05416666666666667
0 0.6238888888888889 0.22833333333333333 0.05444444444444444 0.05416666666666667
0 0.5411111111111111 0.7641666666666667 0.05444444444444444 0.05416666666666667
0 0.5816666666666667 0.67 0.05444444444444444 0.05416666666666667
0 0.48944444444444446 0.6283333333333333 0.05444444444444444 0.05416666666666667
0 0.5405555555555556 0.5841666666666666 0.05444444444444444 0.05416666666666667
0 0.5844444444444444 0.5783333333333334 0.05444444444444444 0.05416666666666667
0 0.6772222222222222 0.7416666666666667 0.05444444444444444 0.05416666666666667
0 0.6766666666666666 0.6991666666666667 0.05444444444444444 0.05416666666666667
0 0.6722222222222223 0.24916666666666668 0.05444444444444444 0.05416666666666667
0 0.6261111111111111 0.4841666666666667 0.05444444444444444 0.05416666666666667
0 0.5455555555555556 0.3408333333333333 0.05444444444444444 0.05416666666666667
0 0.6305555555555555 0.76 0.05444444444444444 0.05416666666666667
0 0.8122222222222222 0.23 0.05444444444444444 0.05416666666666667
0 0.8155555555555556 0.42333333333333334 0.05444444444444444 0.05416666666666667
0 0.8116666666666666 0.09916666666666667 0.05444444444444444 0.05416666666666667
0 0.7188888888888889 0.245 0.05444444444444444 0.05416666666666667
0 0.7683333333333333 0.475 0.05444444444444444 0.05416666666666667
0 0.8188888888888889 0.5916666666666667 0.05444444444444444 0.05416666666666667
0 0.7705555555555555 0.565 0.05444444444444444 0.05416666666666667
0 0.7222222222222222 0.5566666666666666 0.05444444444444444 0.05416666666666667
0 0.7194444444444444 0.095 0.05444444444444444 0.05416666666666667
0 0.7244444444444444 0.4141666666666667 0.05444444444444444 0.05416666666666667
0 0.8133333333333334 0.3825 0.05444444444444444 0.05416666666666667
0 0.7672222222222222 0.33916666666666667 0.05444444444444444 0.05416666666666667
0 0.7672222222222222 0.5175 0.05444444444444444 0.05416666666666667
0 0.7644444444444445 0.22833333333333333 0.05444444444444444 0.05416666666666667
0 0.7666666666666667 0.0925 0.05444444444444444 0.05416666666666667
0 0.7716666666666666 0.6591666666666667 0.05444444444444444 0.05416666666666667
0 0.7666666666666667 0.43 0.05444444444444444 0.05416666666666667
0 0.7244444444444444 0.6575 0.05444444444444444 0.05416666666666667
0 0.725 0.6933333333333334 0.05444444444444444 0.05416666666666667
0 0.7244444444444444 0.7791666666666667 0.05444444444444444 0.05416666666666667
0 0.7661111111111111 0.2916666666666667 0.05444444444444444 0.05416666666666667
0 0.7661111111111111 0.37833333333333335 0.05444444444444444 0.05416666666666667
0 0.7738888888888888 0.7475 0.05444444444444444 0.05416666666666667
0 0.8138888888888889 0.30833333333333335 0.05444444444444444 0.05416666666666667
0 0.7183333333333334 0.20083333333333334 0.05444444444444444 0.05416666666666667
0 0.7172222222222222 0.3575 0.05444444444444444 0.05416666666666667
0 0.7233333333333334 0.7383333333333333 0.05444444444444444 0.05416666666666667
0 0.8161111111111111 0.5508333333333333 0.05444444444444444 0.05416666666666667
0 0.775 0.7791666666666667 0.05444444444444444 0.05416666666666667
0 0.8155555555555556 0.5091666666666667 0.05444444444444444 0.05416666666666667
0 0.8194444444444444 0.6366666666666667 0.05444444444444444 0.05416666666666667
0 0.7738888888888888 0.7041666666666667 0.05444444444444444 0.05416666666666667
0 0.7655555555555555 0.18833333333333332 0.05444444444444444 0.05416666666666667
0 0.7255555555555555 0.4708333333333333 0.05444444444444444 0.05416666666666667
0 0.7644444444444445 0.13666666666666666 0.05444444444444444 0.05416666666666667
0 0.8133333333333334 0.35083333333333333 0.05444444444444444 0.05416666666666667
0 0.8122222222222222 0.185 0.05444444444444444 0.05416666666666667
0 0.7244444444444444 0.51 0.05444444444444444 0.05416666666666667
0 0.7205555555555555 0.605 0.05444444444444444 0.05416666666666667
0 0.8122222222222222 0.14 0.05444444444444444 0.05416666666666667
0 0.7216666666666667 0.3 0.05444444444444444 0.05416666666666667
0 0.7733333333333333 0.61 0.05444444444444444 0.05416666666666667
0 0.8122222222222222 0.2675 0.05444444444444444 0.05416666666666667
0 0.7183333333333334 0.14666666666666667 0.05444444444444444 0.05416666666666667
0 0.8188888888888889 0.4691666666666667 0.05444444444444444 0.05416666666666667
0 0.2461111111111111 0.25833333333333336 0.027777777777777776 0.04666666666666667
