0 0.37566666666666665 0.765 0.11266666666666666 0.07
0 0.6083333333333333 0.7585 0.11133333333333334 0.069
0 0.8536666666666667 0.759 0.11266666666666666 0.072
0 0.25733333333333336 0.76 0.11333333333333333 0.074
0 0.49333333333333335 0.7505 0.11066666666666666 0.067
0 0.13266666666666665 0.75 0.11466666666666667 0.082
0 0.37633333333333335 0.6975 0.11 0.065
0 0.25566666666666665 0.698 0.11266666666666666 0.072
0 0.854 0.691 0.11066666666666666 0.068
0 0.6096666666666667 0.689 0.11133333333333334 0.066
0 0.49433333333333335 0.6835 0.10733333333333334 0.061
0 0.13333333333333333 0.6755 0.11466666666666667 0.069
0 0.731 0.66 0.11133333333333334 0.07
0 0.37466666666666665 0.6375 0.11333333333333333 0.073
0 0.25533333333333336 0.6325 0.11066666666666666 0.067
0 0.6106666666666667 0.628 0.10933333333333334 0.062
0 0.851 0.6275 0.11133333333333334 0.065
0 0.49266666666666664 0.622 0.11066666666666666 0.064
0 0.13333333333333333 0.5985 0.112 0.071
0 0.7296666666666667 0.59 0.11266666666666666 0.074
0 0.6113333333333333 0.568 0.108 0.062
0 0.37466666666666665 0.568 0.10933333333333334 0.062
0 0.256 0.5655 0.10933333333333334 0.063
0 0.49133333333333334 0.5605 0.11066666666666666 0.065
0 0.8503333333333334 0.554 0.10866666666666666 0.064
0 0.13333333333333333 0.5245 0.112 0.071
0 0.73 0.518 0.112 0.07
0 0.37533333333333335 0.506 0.11066666666666666 0.064
0 0.6116666666666667 0.501 0.11 0.064
0 0.255 0.4995 0.11 0.063
0 0.49266666666666664 0.4945 0.11066666666666666 0.067
0 0.851 0.479 0.114 0.074
0 0.136 0.457 0.11333333333333333 0.07
0 0.729 0.447 0.11 0.068
0 0.37233333333333335 0.4425 0.10866666666666666 0.063
0 0.6113333333333333 0.4385 0.11066666666666666 0.063
0 0.49133333333333334 0.4315 0.11066666666666666 0.067
0 0.25566666666666665 0.4315 0.11133333333333334 0.067
0 0.8513333333333334 0.3985 0.11333333333333333 0.081
0 0.373 0.3795 0.10733333333333334 0.061
0 0.6123333333333333 0.3765 0.11 0.065
0 0.7296666666666667 0.378 0.11266666666666666 0.074
0 0.136 0.379 0.11333333333333333 0.076
0 0.49266666666666664 0.3645 0.11333333333333333 0.073
0 0.25466666666666665 0.364 0.11333333333333333 0.072
0 0.8486666666666667 0.3495 0.108 0.067
0 0.37366666666666665 0.316 0.11266666666666666 0.07
0 0.613 0.311 0.11133333333333334 0.068
0 0.849 0.313 0.114 0.08
0 0.726 0.3095 0.11333333333333333 0.075
0 0.136 0.302 0.11066666666666666 0.068
0 0.25533333333333336 0.295 0.11066666666666666 0.068
0 0.49466666666666664 0.2925 0.112 0.065
0 0.6123333333333333 0.2485 0.11266666666666666 0.071
0 0.37533333333333335 0.2485 0.112 0.071
0 0.7276666666666667 0.2385 0.11266666666666666 0.075
0 0.25666666666666665 0.2305 0.11066666666666666 0.065
0 0.8463333333333334 0.234 0.11666666666666667 0.08
0 0.495 0.229 0.11266666666666666 0.072
0 0.37266666666666665 0.1765 0.10933333333333334 0.065
0 0.6143333333333333 0.1775 0.114 0.077
0 0.728 0.1645 0.11066666666666666 0.063
0 0.49433333333333335 0.1645 0.11133333333333334 0.065
0 0.25566666666666665 0.164 0.11266666666666666 0.074
0 0.8506666666666667 0.158 0.116 0.08
0 0.37266666666666665 0.117 0.112 0.072
0 0.6126666666666667 0.1105 0.112 0.073
0 0.7266666666666667 0.107 0.11066666666666666 0.072
0 0.25633333333333336 0.1015 0.11 0.061
0 0.49433333333333335 0.101 0.11266666666666666 0.076
0 0.13361111111111112 0.22541666666666665 0.10055555555555555 0.08416666666666667
0 0.7322222222222222 0.7508333333333334 0.10055555555555555 0.08416666666666667
