0 0.1763888888888889 0.21666666666666667 0.18166666666666667 0.18166666666666667
0 0.8088888888888889 0.4008333333333333 0.18166666666666667 0.18166666666666667
0 0.5988888888888889 0.4825 0.18166666666666667 0.18166666666666667
0 0.17888888888888888 0.3475 0.18166666666666667 0.18166666666666667
0 0.18 0.5225 0.18166666666666667 0.18166666666666667
0 0.17888888888888888 0.44666666666666666 0.18166666666666667 0.18166666666666667
0 0.8133333333333334 0.5575 0.18166666666666667 0.18166666666666667
0 0.6016666666666667 0.7416666666666667 0.18166666666666667 0.18166666666666667
0 0.8183333333333334 0.7283333333333334 0.18166666666666667 0.18166666666666667
0 0.17944444444444443 0.7116666666666667 0.18166666666666667 0.18166666666666667
0 0.38722222222222225 0.3358333333333333 0.18166666666666667 0.18166666666666667
0 0.3888888888888889 0.42833333333333334 0.18166666666666667 0.18166666666666667
0 0.8161111111111111 0.14 0.18166666666666667 0.18166666666666667
0 0.6038888888888889 0.23333333333333334 0.18166666666666667 0.18166666666666667
0 0.8133333333333334 0.3175 0.18166666666666667 0.18166666666666667
0 0.38666666666666666 0.605 0.18166666666666667 0.18166666666666667
0 0.6038888888888889 0.6425 0.18166666666666667 0.18166666666666667
0 0.38666666666666666 0.25 0.18166666666666667 0.18166666666666667
0 0.8116666666666666 0.63 0.18166666666666667 0.18166666666666667
0 0.6011111111111112 0.40166666666666667 0.18166666666666667 0.18166666666666667
0 0.6044444444444445 0.5725 0.18166666666666667 0.18166666666666667
0 0.8122222222222222 0.47833333333333333 0.18166666666666667 0.18166666666666667
0 0.3927777777777778 0.16 0.18166666666666667 0.18166666666666667
0 0.38666666666666666 0.7275 0.18166666666666667 0.18166666666666667
0 0.17833333333333334 0.6091666666666666 0.18166666666666667 0.18166666666666667
0 0.6011111111111112 0.3175 0.18166666666666667 0.18166666666666667
0 0.8138888888888889 0.22916666666666666 0.18166666666666667 0.18166666666666667
0 0.3877777777777778 0.5191666666666667 0.18166666666666667 0.18166666666666667
0 0.6005555555555555 0.15833333333333333 0.18166666666666667 0.18166666666666667
