0 0.6463333333333333 0.7635 0.078 0.071
0 0.43966666666666665 0.7535 0.07266666666666667 0.075
0 0.3333333333333333 0.7535 0.08266666666666667 0.075
0 0.23533333333333334 0.754 0.076 0.08
0 0.5476666666666666 0.722 0.07933333333333334 0.076
0 0.647 0.708 0.08333333333333333 0.07
0 0.12666666666666668 0.713 0.08666666666666667 0.08
0 0.235 0.694 0.074 0.078
0 0.33566666666666667 0.6705 0.08466666666666667 0.077
0 0.44366666666666665 0.6615 0.08466666666666667 0.069
0 0.6466666666666666 0.643 0.08666666666666667 0.07
0 0.12466666666666666 0.643 0.08 0.08
0 0.23366666666666666 0.6275 0.08066666666666666 0.077
0 0.3363333333333333 0.6125 0.082 0.081
0 0.746 0.605 0.076 0.076
0 0.6466666666666666 0.587 0.084 0.076
0 0.12366666666666666 0.576 0.082 0.086
0 0.85 0.5615 0.08533333333333333 0.069
0 0.23 0.5625 0.07733333333333334 0.085
0 0.33666666666666667 0.546 0.084 0.076
0 0.7463333333333333 0.539 0.07666666666666666 0.07
0 0.6466666666666666 0.5315 0.07466666666666667 0.071
0 0.44 0.5255 0.08133333333333333 0.077
0 0.853 0.512 0.08466666666666667 0.074
0 0.12266666666666666 0.513 0.088 0.082
0 0.235 0.492 0.08733333333333333 0.082
0 0.337 0.485 0.07933333333333334 0.078
0 0.539 0.479 0.082 0.078
0 0.6473333333333333 0.4695 0.088 0.077
0 0.44033333333333335 0.463 0.07933333333333334 0.078
0 0.8536666666666667 0.459 0.07933333333333334 0.08
0 0.124 0.45 0.08133333333333333 0.084
0 0.23233333333333334 0.4225 0.08333333333333333 0.077
0 0.333 0.4215 0.074 0.087
0 0.6476666666666666 0.4105 0.086 0.071
0 0.751 0.4075 0.08333333333333333 0.071
0 0.5396666666666666 0.4005 0.06733333333333333 0.071
0 0.8516666666666667 0.4005 0.074 0.075
0 0.44 0.3965 0.084 0.075
0 0.123 0.3905 0.082 0.083
0 0.23 0.3545 0.08933333333333333 0.083
0 0.852 0.3455 0.07733333333333334 0.073
0 0.439 0.341 0.086 0.074
0 0.124 0.325 0.084 0.082
0 0.33466666666666667 0.3385 0.09866666666666667 0.135
0 0.5416666666666666 0.306 0.082 0.072
0 0.751 0.3035 0.09133333333333334 0.075
0 0.23333333333333334 0.2985 0.08133333333333333 0.085
0 0.127 0.265 0.082 0.084
0 0.3383333333333333 0.242 0.07933333333333334 0.08
0 0.5443333333333333 0.238 0.07933333333333334 0.078
0 0.7503333333333333 0.2275 0.07933333333333334 0.073
0 0.852 0.2255 0.08266666666666667 0.077
0 0.12566666666666668 0.1945 0.082 0.085
0 0.44466666666666665 0.184 0.076 0.078
0 0.542 0.1745 0.08 0.073
0 0.338 0.1735 0.07866666666666666 0.075
0 0.7483333333333333 0.1665 0.08466666666666667 0.079
0 0.747 0.1135 0.082 0.075
0 0.33866666666666667 0.1135 0.08533333333333333 0.077
0 0.5433333333333333 0.1115 0.08533333333333333 0.075
0 0.44133333333333336 0.1125 0.08 0.083
0 0.23444444444444446 0.10041666666666667 0.09555555555555556 0.0925
0 0.8538888888888889 0.16416666666666666 0.09555555555555556 0.0925
0 0.23333333333333334 0.16416666666666666 0.09555555555555556 0.0925
0 0.855 0.11166666666666666 0.09555555555555556 0.0925
0 0.8505555555555555 0.6591666666666667 0.09555555555555556 0.0925
0 0.23333333333333334 0.23333333333333334 0.09555555555555556 0.0925
