0 0.465 0.7725 0.058 0.061
0 0.6563333333333333 0.7675 0.056666666666666664 0.053
0 0.5263333333333333 0.77 0.059333333333333335 0.058
0 0.5926666666666667 0.7545 0.056 0.053
0 0.41233333333333333 0.7495 0.056666666666666664 0.057
0 0.35533333333333333 0.7455 0.056 0.055
0 0.741 0.7295 0.06066666666666667 0.063
0 0.5346666666666666 0.7175 0.05733333333333333 0.057
0 0.12833333333333333 0.7135 0.05266666666666667 0.049
0 0.294 0.7125 0.05733333333333333 0.053
0 0.241 0.713 0.056666666666666664 0.06
0 0.6556666666666666 0.7065 0.059333333333333335 0.063
0 0.478 0.699 0.05733333333333333 0.058
0 0.5956666666666667 0.6965 0.059333333333333335 0.057
0 0.35433333333333333 0.6905 0.05533333333333333 0.051
0 0.41233333333333333 0.685 0.05533333333333333 0.05
0 0.855 0.6875 0.062 0.059
0 0.2936666666666667 0.667 0.058 0.058
0 0.7403333333333333 0.661 0.058 0.06
0 0.24066666666666667 0.6595 0.06266666666666666 0.059
0 0.531 0.646 0.056666666666666664 0.058
0 0.4756666666666667 0.6445 0.056666666666666664 0.057
0 0.3546666666666667 0.639 0.056 0.056
0 0.412 0.631 0.056 0.056
0 0.5983333333333334 0.6045 0.058 0.059
0 0.6486666666666666 0.597 0.056 0.052
0 0.74 0.5945 0.058666666666666666 0.059
0 0.5316666666666666 0.593 0.058 0.06
0 0.474 0.587 0.056 0.056
0 0.357 0.5865 0.058 0.059
0 0.8633333333333333 0.5755 0.05733333333333333 0.057
0 0.412 0.5725 0.056 0.057
0 0.24133333333333334 0.56 0.05333333333333334 0.05
0 0.292 0.5625 0.058666666666666666 0.065
0 0.652 0.547 0.05733333333333333 0.054
0 0.5946666666666667 0.5465 0.05733333333333333 0.057
0 0.47433333333333333 0.537 0.056666666666666664 0.056
0 0.5313333333333333 0.5325 0.056 0.053
0 0.3556666666666667 0.525 0.05533333333333333 0.052
0 0.4136666666666667 0.5225 0.056666666666666664 0.057
0 0.23866666666666667 0.5145 0.05466666666666667 0.049
0 0.7336666666666667 0.517 0.06466666666666666 0.068
0 0.2916666666666667 0.511 0.056666666666666664 0.056
0 0.6546666666666666 0.4885 0.05733333333333333 0.055
0 0.47533333333333333 0.482 0.05733333333333333 0.058
0 0.532 0.4795 0.05733333333333333 0.057
0 0.35333333333333333 0.4745 0.05333333333333334 0.049
0 0.597 0.479 0.058 0.06
0 0.4126666666666667 0.4715 0.056 0.055
0 0.291 0.4605 0.056666666666666664 0.057
0 0.238 0.461 0.05733333333333333 0.058
0 0.4186666666666667 0.421 0.056 0.054
0 0.34933333333333333 0.4225 0.05733333333333333 0.057
0 0.4736666666666667 0.422 0.058 0.06
0 0.5963333333333334 0.4195 0.058 0.057
0 0.6503333333333333 0.42 0.056666666666666664 0.062
0 0.531 0.4175 0.056666666666666664 0.057
0 0.238 0.4075 0.05733333333333333 0.057
0 0.293 0.4035 0.056666666666666664 0.057
0 0.5313333333333333 0.3695 0.05733333333333333 0.057
0 0.4093333333333333 0.366 0.056 0.052
0 0.4736666666666667 0.366 0.056666666666666664 0.054
0 0.23833333333333334 0.355 0.056666666666666664 0.056
0 0.6556666666666666 0.3345 0.058 0.059
0 0.597 0.33 0.058 0.06
0 0.7303333333333333 0.3125 0.056666666666666664 0.055
0 0.3536666666666667 0.336 0.059333333333333335 0.108
0 0.5346666666666666 0.311 0.05733333333333333 0.06
0 0.474 0.313 0.058666666666666666 0.064
0 0.23766666666666666 0.3055 0.059333333333333335 0.057
0 0.2906666666666667 0.301 0.056 0.058
0 0.6506666666666666 0.2735 0.058666666666666666 0.061
0 0.5926666666666667 0.271 0.058666666666666666 0.06
0 0.532 0.261 0.05733333333333333 0.06
0 0.4736666666666667 0.256 0.05533333333333333 0.05
0 0.4106666666666667 0.256 0.058666666666666666 0.06
0 0.35133333333333333 0.253 0.056 0.054
0 0.289 0.2465 0.056666666666666664 0.057
0 0.23766666666666666 0.2475 0.056666666666666664 0.059
0 0.35 0.2025 0.05333333333333334 0.049
0 0.28833333333333333 0.2005 0.056666666666666664 0.057
0 0.47533333333333333 0.1975 0.056 0.057
0 0.651 0.197 0.059333333333333335 0.06
0 0.537 0.1945 0.056666666666666664 0.055
0 0.23833333333333334 0.147 0.056666666666666664 0.054
0 0.29 0.1475 0.05733333333333333 0.057
0 0.3556666666666667 0.1485 0.056666666666666664 0.061
0 0.414 0.147 0.05733333333333333 0.06
0 0.47733333333333333 0.1425 0.056 0.057
0 0.6506666666666666 0.1325 0.056 0.057
0 0.738 0.1105 0.05466666666666667 0.049
0 0.35033333333333333 0.0915 0.05533333333333333 0.051
0 0.23766666666666666 0.095 0.058 0.058
0 0.2896666666666667 0.096 0.058 0.062
0 0.47633333333333333 0.088 0.05533333333333333 0.054
0 0.531 0.0835 0.056666666666666664 0.053
0 0.41388888888888886 0.0925 0.06333333333333334 0.055
0 0.41055555555555556 0.2075 0.06333333333333334 0.055
0 0.5933333333333334 0.2 0.06333333333333334 0.055
0 0.29055555555555557 0.35583333333333333 0.06333333333333334 0.055
0 0.6538888888888889 0.6483333333333333 0.06333333333333334 0.055
0 0.5883333333333334 0.10083333333333333 0.06333333333333334 0.055
0 0.2916666666666667 0.6133333333333333 0.06333333333333334 0.055
0 0.24055555555555555 0.6091666666666666 0.06333333333333334 0.055
0 0.5944444444444444 0.1475 0.06333333333333334 0.055
0 0.23444444444444446 0.19666666666666666 0.06333333333333334 0.055
0 0.5322222222222223 0.14166666666666666 0.06333333333333334 0.055
0 0.40944444444444444 0.31083333333333335 0.06333333333333334 0.055
