0 0.611 0.7755 0.06466666666666666 0.051
0 0.269 0.77 0.062 0.04
0 0.13066666666666665 0.749 0.06266666666666666 0.038
0 0.18966666666666668 0.7465 0.06466666666666666 0.045
0 0.6093333333333333 0.73 0.06266666666666666 0.042
0 0.269 0.7235 0.06066666666666667 0.035
0 0.331 0.722 0.06333333333333334 0.038
0 0.188 0.697 0.06266666666666666 0.04
0 0.12633333333333333 0.699 0.06466666666666666 0.048
0 0.26866666666666666 0.677 0.06133333333333333 0.038
0 0.6103333333333333 0.679 0.066 0.048
0 0.32966666666666666 0.6755 0.06333333333333334 0.041
0 0.876 0.658 0.06533333333333333 0.046
0 0.18866666666666668 0.657 0.064 0.046
0 0.127 0.654 0.06333333333333334 0.042
0 0.26866666666666666 0.638 0.06266666666666666 0.042
0 0.32966666666666666 0.6365 0.06333333333333334 0.043
0 0.188 0.6105 0.06533333333333333 0.045
0 0.12766666666666668 0.6085 0.06466666666666666 0.043
0 0.8743333333333333 0.6015 0.06333333333333334 0.037
0 0.2673333333333333 0.586 0.06266666666666666 0.04
0 0.32766666666666666 0.5865 0.06333333333333334 0.047
0 0.18766666666666668 0.5655 0.06333333333333334 0.041
0 0.12866666666666668 0.565 0.064 0.044
0 0.3283333333333333 0.5455 0.062 0.035
0 0.267 0.5405 0.06333333333333334 0.039
0 0.606 0.527 0.06266666666666666 0.04
0 0.127 0.516 0.06466666666666666 0.044
0 0.4063333333333333 0.512 0.06333333333333334 0.046
0 0.185 0.5135 0.06733333333333333 0.055
0 0.3293333333333333 0.4975 0.064 0.043
0 0.2663333333333333 0.49 0.062 0.036
0 0.606 0.483 0.064 0.04
0 0.18833333333333332 0.4705 0.062 0.039
0 0.4726666666666667 0.4675 0.06133333333333333 0.035
0 0.12633333333333333 0.466 0.06333333333333334 0.042
0 0.821 0.4605 0.06066666666666667 0.035
0 0.4063333333333333 0.466 0.066 0.052
0 0.888 0.4605 0.06533333333333333 0.047
0 0.2653333333333333 0.452 0.06266666666666666 0.038
0 0.3283333333333333 0.4515 0.06333333333333334 0.041
0 0.542 0.4475 0.06266666666666666 0.039
0 0.6053333333333333 0.4415 0.064 0.041
0 0.471 0.416 0.06333333333333334 0.042
0 0.406 0.413 0.064 0.042
0 0.18766666666666668 0.4125 0.06733333333333333 0.043
0 0.8823333333333333 0.4075 0.06333333333333334 0.041
0 0.12233333333333334 0.4085 0.06466666666666666 0.043
0 0.8176666666666667 0.4115 0.06733333333333333 0.055
0 0.328 0.4055 0.064 0.043
0 0.267 0.407 0.06466666666666666 0.05
0 0.471 0.3695 0.062 0.047
0 0.4053333333333333 0.3605 0.064 0.041
0 0.264 0.3575 0.064 0.041
0 0.3283333333333333 0.3575 0.06466666666666666 0.045
0 0.8803333333333333 0.361 0.066 0.056
0 0.822 0.358 0.06666666666666667 0.052
0 0.746 0.353 0.07066666666666667 0.062
0 0.5406666666666666 0.318 0.06266666666666666 0.036
0 0.405 0.315 0.066 0.046
0 0.264 0.31 0.06266666666666666 0.038
0 0.3273333333333333 0.314 0.064 0.048
0 0.4693333333333333 0.3155 0.064 0.055
0 0.8773333333333333 0.305 0.06933333333333333 0.06
0 0.8196666666666667 0.305 0.066 0.062
0 0.327 0.272 0.062 0.038
0 0.264 0.271 0.064 0.05
0 0.469 0.2645 0.06466666666666666 0.047
0 0.818 0.2515 0.064 0.045
0 0.8816666666666667 0.255 0.06733333333333333 0.058
0 0.6036666666666667 0.2255 0.062 0.035
0 0.327 0.2295 0.06333333333333334 0.043
0 0.47 0.2125 0.06266666666666666 0.045
0 0.8173333333333334 0.209 0.06533333333333333 0.05
0 0.4043333333333333 0.2035 0.06333333333333334 0.041
0 0.881 0.204 0.06466666666666666 0.046
0 0.328 0.183 0.06266666666666666 0.04
0 0.26366666666666666 0.1845 0.06333333333333334 0.043
0 0.8816666666666667 0.16 0.062 0.036
0 0.4696666666666667 0.152 0.06466666666666666 0.044
0 0.4026666666666667 0.1545 0.064 0.055
0 0.26266666666666666 0.14 0.064 0.046
0 0.5376666666666666 0.1375 0.06466666666666666 0.045
0 0.3283333333333333 0.1325 0.06333333333333334 0.037
0 0.8173333333333334 0.117 0.06266666666666666 0.04
0 0.8826666666666667 0.1155 0.06533333333333333 0.047
0 0.4693333333333333 0.106 0.064 0.05
0 0.4036666666666667 0.1035 0.06733333333333333 0.053
0 0.6826666666666666 0.0915 0.06266666666666666 0.039
0 0.5383333333333333 0.094 0.06466666666666666 0.048
0 0.2623333333333333 0.0905 0.06466666666666666 0.041
0 0.3263333333333333 0.086 0.062 0.036
0 0.6026666666666667 0.093 0.06666666666666667 0.052
0 0.7453333333333333 0.0835 0.06266666666666666 0.037
0 0.7147222222222223 0.7741666666666667 0.02722222222222222 0.056666666666666664
0 0.7388888888888889 0.7720833333333333 0.023333333333333334 0.05416666666666667
0 0.7472222222222222 0.24416666666666667 0.017777777777777778 0.04833333333333333
0 0.7302777777777778 0.24166666666666667 0.019444444444444445 0.05333333333333334
0 0.16972222222222222 0.28583333333333333 0.03944444444444444 0.021666666666666667
0 0.6622222222222223 0.7670833333333333 0.02666666666666667 0.049166666666666664
0 0.6569444444444444 0.24291666666666667 0.029444444444444443 0.05583333333333333
0 0.6838888888888889 0.24333333333333335 0.025555555555555557 0.051666666666666666
0 0.7088888888888889 0.40125 0.043333333333333335 0.06583333333333333
0 0.77 0.24541666666666667 0.02666666666666667 0.0475
0 0.7608333333333334 0.7695833333333333 0.030555555555555555 0.049166666666666664
0 0.71 0.24416666666666667 0.03666666666666667 0.04666666666666667
0 0.6880555555555555 0.77 0.02722222222222222 0.043333333333333335
0 0.2627777777777778 0.22833333333333333 0.06666666666666667 0.045
0 0.5416666666666666 0.5766666666666667 0.06666666666666667 0.045
0 0.6066666666666667 0.635 0.06666666666666667 0.045
0 0.545 0.6625 0.06666666666666667 0.045
0 0.8705555555555555 0.5608333333333333 0.06666666666666667 0.045
0 0.5388888888888889 0.23 0.06666666666666667 0.045
0 0.8116666666666666 0.7883333333333333 0.06666666666666667 0.045
0 0.6027777777777777 0.14083333333333334 0.06666666666666667 0.045
0 0.6594444444444445 0.29 0.06666666666666667 0.045
0 0.6855555555555556 0.1725 0.06666666666666667 0.045
0 0.68 0.1325 0.06666666666666667 0.045
0 0.5405555555555556 0.49 0.06666666666666667 0.045
0 0.6055555555555555 0.4091666666666667 0.06666666666666667 0.045
0 0.7422222222222222 0.17416666666666666 0.06666666666666667 0.045
0 0.5405555555555556 0.6183333333333333 0.06666666666666667 0.045
0 0.5416666666666666 0.5291666666666667 0.06666666666666667 0.045
0 0.5427777777777778 0.36583333333333334 0.06666666666666667 0.045
0 0.7427777777777778 0.13416666666666666 0.06666666666666667 0.045
0 0.5427777777777778 0.7558333333333334 0.06666666666666667 0.045
0 0.8777777777777778 0.7458333333333333 0.06666666666666667 0.045
0 0.6038888888888889 0.36916666666666664 0.06666666666666667 0.045
0 0.6055555555555555 0.2816666666666667 0.06666666666666667 0.045
0 0.605 0.3225 0.06666666666666667 0.045
0 0.4 0.25583333333333336 0.06666666666666667 0.045
0 0.6061111111111112 0.5825 0.06666666666666667 0.045
0 0.8755555555555555 0.7091666666666666 0.06666666666666667 0.045
0 0.8811111111111111 0.7858333333333334 0.06666666666666667 0.045
0 0.6044444444444445 0.175 0.06666666666666667 0.045
0 0.5427777777777778 0.7066666666666667 0.06666666666666667 0.045
0 0.8155555555555556 0.16416666666666666 0.06666666666666667 0.045
0 0.8094444444444444 0.7508333333333334 0.06666666666666667 0.045
0 0.5411111111111111 0.18166666666666667 0.06666666666666667 0.045
0 0.6772222222222222 0.3516666666666667 0.06666666666666667 0.045
0 0.81 0.6175 0.06666666666666667 0.045
0 0.7138888888888889 0.2941666666666667 0.06666666666666667 0.045
0 0.8144444444444444 0.6658333333333334 0.06666666666666667 0.045
0 0.5438888888888889 0.27 0.06666666666666667 0.045
0 0.33111111111111113 0.7708333333333334 0.06666666666666667 0.045
0 0.8111111111111111 0.5625 0.06666666666666667 0.045
0 0.8122222222222222 0.7141666666666666 0.06666666666666667 0.045
0 0.5405555555555556 0.4075 0.06666666666666667 0.045
