0 0.7163333333333334 0.7625 0.042 0.041
0 0.6253333333333333 0.76 0.03866666666666667 0.042
0 0.671 0.761 0.043333333333333335 0.046
0 0.762 0.7585 0.04133333333333333 0.043
0 0.629 0.7045 0.042 0.045
0 0.717 0.7045 0.04466666666666667 0.047
0 0.7646666666666667 0.7015 0.04 0.043
0 0.674 0.7025 0.044 0.049
0 0.7183333333333334 0.649 0.042 0.046
0 0.673 0.6495 0.04466666666666667 0.047
0 0.763 0.6485 0.043333333333333335 0.047
0 0.6286666666666667 0.647 0.042666666666666665 0.046
0 0.719 0.606 0.04066666666666666 0.044
0 0.6736666666666666 0.606 0.042 0.046
0 0.63 0.6045 0.04133333333333333 0.045
0 0.7636666666666667 0.595 0.042 0.046
0 0.629 0.5665 0.04066666666666666 0.043
0 0.6743333333333333 0.5655 0.042 0.049
0 0.716 0.561 0.044 0.05
0 0.7646666666666667 0.547 0.042666666666666665 0.046
0 0.6726666666666666 0.533 0.04133333333333333 0.046
0 0.7173333333333334 0.529 0.03866666666666667 0.042
0 0.63 0.5275 0.04133333333333333 0.047
0 0.7633333333333333 0.492 0.042666666666666665 0.046
0 0.6263333333333333 0.4915 0.043333333333333335 0.049
0 0.7176666666666667 0.4915 0.043333333333333335 0.051
0 0.6703333333333333 0.4895 0.046 0.051
0 0.7133333333333334 0.456 0.04 0.042
0 0.6703333333333333 0.4545 0.042 0.045
0 0.6253333333333333 0.45 0.044 0.05
0 0.763 0.4425 0.043333333333333335 0.047
0 0.527 0.4245 0.04066666666666666 0.041
0 0.7166666666666667 0.426 0.04133333333333333 0.046
0 0.5736666666666667 0.425 0.046 0.052
0 0.6266666666666667 0.417 0.04 0.042
0 0.6703333333333333 0.4165 0.042 0.049
0 0.764 0.3865 0.044 0.047
0 0.717 0.3855 0.042 0.045
0 0.53 0.3835 0.03866666666666667 0.043
0 0.573 0.3815 0.042 0.043
0 0.48633333333333334 0.384 0.042 0.05
0 0.6706666666666666 0.379 0.04133333333333333 0.044
0 0.3873333333333333 0.3765 0.04133333333333333 0.047
0 0.715 0.3465 0.043333333333333335 0.049
0 0.765 0.345 0.043333333333333335 0.05
0 0.5333333333333333 0.342 0.042666666666666665 0.044
0 0.669 0.3415 0.042 0.047
0 0.48433333333333334 0.3365 0.038 0.039
0 0.578 0.341 0.044 0.05
0 0.6256666666666667 0.336 0.04066666666666666 0.042
0 0.8813333333333333 0.323 0.048 0.05
0 0.672 0.3085 0.03866666666666667 0.041
0 0.7143333333333334 0.3115 0.04466666666666667 0.051
0 0.626 0.3015 0.042666666666666665 0.049
0 0.7646666666666667 0.2985 0.042666666666666665 0.045
0 0.579 0.288 0.03933333333333333 0.042
0 0.5336666666666666 0.2885 0.04066666666666666 0.043
0 0.4876666666666667 0.291 0.043333333333333335 0.05
0 0.7153333333333334 0.2725 0.042666666666666665 0.047
0 0.6736666666666666 0.27 0.042 0.046
0 0.625 0.2685 0.042 0.049
0 0.5786666666666667 0.246 0.04133333333333333 0.05
0 0.5336666666666666 0.243 0.04066666666666666 0.046
0 0.793 0.239 0.042 0.042
0 0.7563333333333333 0.237 0.04066666666666666 0.044
0 0.8986666666666666 0.235 0.04 0.042
0 0.8273333333333334 0.2355 0.04133333333333333 0.043
0 0.863 0.235 0.042 0.044
0 0.7153333333333334 0.236 0.042666666666666665 0.048
0 0.6276666666666667 0.233 0.043333333333333335 0.046
0 0.6706666666666666 0.2305 0.044 0.047
0 0.716 0.199 0.042666666666666665 0.046
0 0.7923333333333333 0.195 0.042 0.044
0 0.6273333333333333 0.1965 0.042666666666666665 0.049
0 0.84 0.193 0.04133333333333333 0.044
0 0.7593333333333333 0.191 0.04 0.042
0 0.6716666666666666 0.193 0.042 0.046
0 0.8843333333333333 0.19 0.043333333333333335 0.048
0 0.669 0.158 0.04066666666666666 0.044
0 0.6276666666666667 0.16 0.043333333333333335 0.05
0 0.7573333333333333 0.1565 0.04 0.045
0 0.7153333333333334 0.1585 0.044 0.049
0 0.7146666666666667 0.123 0.042666666666666665 0.048
0 0.6696666666666666 0.1215 0.04466666666666667 0.049
0 0.6296666666666667 0.121 0.046 0.048
0 0.8163333333333334 0.0845 0.042 0.045
0 0.2427777777777778 0.36125 0.04666666666666667 0.0425
0 0.2411111111111111 0.6266666666666667 0.04666666666666667 0.0425
0 0.33111111111111113 0.5091666666666667 0.04666666666666667 0.0425
0 0.2866666666666667 0.4775 0.04666666666666667 0.0425
0 0.2427777777777778 0.08583333333333333 0.04666666666666667 0.0425
0 0.23944444444444443 0.4791666666666667 0.04666666666666667 0.0425
0 0.2872222222222222 0.5491666666666667 0.04666666666666667 0.0425
0 0.28888888888888886 0.5925 0.04666666666666667 0.0425
0 0.2877777777777778 0.16333333333333333 0.04666666666666667 0.0425
0 0.24333333333333335 0.4 0.04666666666666667 0.0425
0 0.3333333333333333 0.5475 0.04666666666666667 0.0425
0 0.24222222222222223 0.44333333333333336 0.04666666666666667 0.0425
0 0.33166666666666667 0.47583333333333333 0.04666666666666667 0.0425
0 0.2861111111111111 0.5116666666666667 0.04666666666666667 0.0425
0 0.33555555555555555 0.12583333333333332 0.04666666666666667 0.0425
0 0.2411111111111111 0.6691666666666667 0.04666666666666667 0.0425
0 0.33055555555555555 0.39916666666666667 0.04666666666666667 0.0425
0 0.2916666666666667 0.6266666666666667 0.04666666666666667 0.0425
0 0.2911111111111111 0.08833333333333333 0.04666666666666667 0.0425
0 0.2911111111111111 0.13083333333333333 0.04666666666666667 0.0425
0 0.29055555555555557 0.6658333333333334 0.04666666666666667 0.0425
0 0.2461111111111111 0.12333333333333334 0.04666666666666667 0.0425
0 0.24166666666666667 0.5883333333333334 0.04666666666666667 0.0425
0 0.33611111111111114 0.09166666666666666 0.04666666666666667 0.0425
0 0.24222222222222223 0.545 0.04666666666666667 0.0425
0 0.24333333333333335 0.16166666666666665 0.04666666666666667 0.0425
0 0.32722222222222225 0.435 0.04666666666666667 0.0425
0 0.53 0.5133333333333333 0.04666666666666667 0.0425
0 0.19611111111111112 0.7375 0.04666666666666667 0.0425
0 0.4888888888888889 0.5066666666666667 0.04666666666666667 0.0425
0 0.10888888888888888 0.7441666666666666 0.04666666666666667 0.0425
0 0.3327777777777778 0.35333333333333333 0.04666666666666667 0.0425
0 0.5766666666666667 0.5033333333333333 0.04666666666666667 0.0425
0 0.77 0.08916666666666667 0.04666666666666667 0.0425
0 0.5322222222222223 0.5591666666666667 0.04666666666666667 0.0425
0 0.4911111111111111 0.555 0.04666666666666667 0.0425
0 0.33611111111111114 0.5891666666666666 0.04666666666666667 0.0425
0 0.15944444444444444 0.74 0.04666666666666667 0.0425
0 0.2866666666666667 0.36083333333333334 0.04666666666666667 0.0425
0 0.285 0.44 0.04666666666666667 0.0425
0 0.3327777777777778 0.6225 0.04666666666666667 0.0425
0 0.48444444444444446 0.24833333333333332 0.04666666666666667 0.0425
0 0.28555555555555556 0.4025 0.04666666666666667 0.0425
0 0.5777777777777777 0.5475 0.04666666666666667 0.0425
0 0.11 0.6891666666666667 0.04666666666666667 0.0425
0 0.8283333333333334 0.32666666666666666 0.06 0.06333333333333334
