0 0.09833333333333333 0.15583333333333332 0.027777777777777776 0.03
0 0.12444444444444444 0.15583333333333332 0.027777777777777776 0.03
0 0.6194444444444445 0.44 0.027777777777777776 0.03
0 0.12444444444444444 0.25916666666666666 0.027777777777777776 0.03
0 0.6544444444444445 0.43833333333333335 0.027777777777777776 0.03
0 0.09444444444444444 0.20666666666666667 0.027777777777777776 0.03
0 0.09388888888888888 0.2975 0.027777777777777776 0.03
0 0.09444444444444444 0.24916666666666668 0.027777777777777776 0.03
0 0.17722222222222223 0.19833333333333333 0.027777777777777776 0.03
0 0.21888888888888888 0.15083333333333335 0.027777777777777776 0.03
0 0.14888888888888888 0.15083333333333335 0.027777777777777776 0.03
0 0.6172222222222222 0.23666666666666666 0.027777777777777776 0.03
0 0.5794444444444444 0.54 0.027777777777777776 0.03
0 0.18 0.15083333333333335 0.027777777777777776 0.03
0 0.14888888888888888 0.2025 0.027777777777777776 0.03
0 0.12111111111111111 0.20333333333333334 0.027777777777777776 0.03
0 0.5905555555555555 0.15916666666666668 0.027777777777777776 0.03
0 0.15055555555555555 0.245 0.027777777777777776 0.03
0 0.21666666666666667 0.47833333333333333 0.027777777777777776 0.03
0 0.2538888888888889 0.16333333333333333 0.027777777777777776 0.03
0 0.5805555555555556 0.49333333333333335 0.027777777777777776 0.03
0 0.5755555555555556 0.23 0.027777777777777776 0.03
0 0.5772222222222222 0.42333333333333334 0.027777777777777776 0.03
0 0.6172222222222222 0.48333333333333334 0.027777777777777776 0.03
0 0.33611111111111114 0.14833333333333334 0.04111111111111111 0.03666666666666667
0 0.89 0.2775 0.04111111111111111 0.03666666666666667
0 0.5805555555555556 0.20333333333333334 0.04111111111111111 0.03666666666666667
0 0.8911111111111111 0.24916666666666668 0.04111111111111111 0.03666666666666667
0 0.8133333333333334 0.24583333333333332 0.04111111111111111 0.03666666666666667
0 0.37722222222222224 0.2625 0.04111111111111111 0.03666666666666667
0 0.6988888888888889 0.1575 0.04111111111111111 0.03666666666666667
0 0.8533333333333334 0.2225 0.04111111111111111 0.03666666666666667
0 0.755 0.15583333333333332 0.04111111111111111 0.03666666666666667
0 0.8516666666666667 0.15333333333333332 0.04111111111111111 0.03666666666666667
0 0.8888888888888888 0.1525 0.04111111111111111 0.03666666666666667
0 0.7011111111111111 0.19666666666666666 0.04111111111111111 0.03666666666666667
0 0.8161111111111111 0.2825 0.04111111111111111 0.03666666666666667
0 0.415 0.23 0.04111111111111111 0.03666666666666667
0 0.8516666666666667 0.25666666666666665 0.04111111111111111 0.03666666666666667
0 0.8144444444444444 0.18083333333333335 0.04111111111111111 0.03666666666666667
0 0.8927777777777778 0.21333333333333335 0.04111111111111111 0.03666666666666667
0 0.33444444444444443 0.30333333333333334 0.04111111111111111 0.03666666666666667
0 0.8105555555555556 0.31166666666666665 0.04111111111111111 0.03666666666666667
0 0.6505555555555556 0.20166666666666666 0.04111111111111111 0.03666666666666667
0 0.41888888888888887 0.2625 0.04111111111111111 0.03666666666666667
0 0.8516666666666667 0.2816666666666667 0.04111111111111111 0.03666666666666667
0 0.8511111111111112 0.11833333333333333 0.04111111111111111 0.03666666666666667
0 0.8838888888888888 0.11916666666666667 0.04111111111111111 0.03666666666666667
0 0.8116666666666666 0.14666666666666667 0.04111111111111111 0.03666666666666667
0 0.33555555555555555 0.18416666666666667 0.04111111111111111 0.03666666666666667
0 0.8116666666666666 0.11833333333333333 0.04111111111111111 0.03666666666666667
0 0.6155555555555555 0.20166666666666666 0.04111111111111111 0.03666666666666667
0 0.3338888888888889 0.2658333333333333 0.04111111111111111 0.03666666666666667
0 0.41388888888888886 0.15083333333333335 0.04111111111111111 0.03666666666666667
0 0.8516666666666667 0.19166666666666668 0.04111111111111111 0.03666666666666667
0 0.8155555555555556 0.21583333333333332 0.04111111111111111 0.03666666666666667
0 0.3377777777777778 0.22583333333333333 0.04111111111111111 0.03666666666666667
0 0.8861111111111111 0.17666666666666667 0.04111111111111111 0.03666666666666667
0 0.41333333333333333 0.1875 0.04111111111111111 0.03666666666666667
0 0.37222222222222223 0.145 0.04111111111111111 0.03666666666666667
0 0.45611111111111113 0.1925 0.04111111111111111 0.03666666666666667
0 0.4583333333333333 0.15333333333333332 0.04111111111111111 0.03666666666666667
0 0.5327777777777778 0.1175 0.04111111111111111 0.03666666666666667
0 0.8177777777777778 0.44 0.04111111111111111 0.03666666666666667
0 0.3761111111111111 0.22333333333333333 0.04111111111111111 0.03666666666666667
0 0.4938888888888889 0.14833333333333334 0.04111111111111111 0.03666666666666667
0 0.45111111111111113 0.11666666666666667 0.04111111111111111 0.03666666666666667
0 0.5283333333333333 0.14583333333333334 0.04111111111111111 0.03666666666666667
0 0.48833333333333334 0.11916666666666667 0.04111111111111111 0.03666666666666667
0 0.375 0.17916666666666667 0.04111111111111111 0.03666666666666667
0 0.705 0.485 0.052222222222222225 0.03
0 0.7044444444444444 0.4429166666666667 0.057777777777777775 0.034166666666666665
0 0.7577777777777778 0.4483333333333333 0.06111111111111111 0.041666666666666664
