0 0.10555555555555556 0.17125 0.056666666666666664 0.0425
0 0.10833333333333334 0.5525 0.056666666666666664 0.0425
0 0.10833333333333334 0.4375 0.056666666666666664 0.0425
0 0.1638888888888889 0.29 0.056666666666666664 0.0425
0 0.21388888888888888 0.6983333333333334 0.056666666666666664 0.0425
0 0.21333333333333335 0.5608333333333333 0.056666666666666664 0.0425
0 0.2088888888888889 0.405 0.056666666666666664 0.0425
0 0.15944444444444444 0.5183333333333333 0.056666666666666664 0.0425
0 0.16333333333333333 0.40166666666666667 0.056666666666666664 0.0425
0 0.21 0.2891666666666667 0.056666666666666664 0.0425
0 0.2127777777777778 0.6291666666666667 0.056666666666666664 0.0425
0 0.10777777777777778 0.25083333333333335 0.056666666666666664 0.0425
0 0.10722222222222222 0.515 0.056666666666666664 0.0425
0 0.10666666666666667 0.2866666666666667 0.056666666666666664 0.0425
0 0.2088888888888889 0.32916666666666666 0.056666666666666664 0.0425
0 0.10555555555555556 0.6633333333333333 0.056666666666666664 0.0425
0 0.20944444444444443 0.36333333333333334 0.056666666666666664 0.0425
0 0.11055555555555556 0.395 0.056666666666666664 0.0425
0 0.21333333333333335 0.485 0.056666666666666664 0.0425
0 0.15777777777777777 0.7683333333333333 0.056666666666666664 0.0425
0 0.15722222222222224 0.7 0.056666666666666664 0.0425
0 0.2088888888888889 0.17166666666666666 0.056666666666666664 0.0425
0 0.21166666666666667 0.5958333333333333 0.056666666666666664 0.0425
0 0.21388888888888888 0.6641666666666667 0.056666666666666664 0.0425
0 0.15888888888888889 0.2575 0.056666666666666664 0.0425
0 0.15944444444444444 0.4825 0.056666666666666664 0.0425
0 0.11 0.6241666666666666 0.056666666666666664 0.0425
0 0.16055555555555556 0.7316666666666667 0.056666666666666664 0.0425
0 0.2127777777777778 0.7783333333333333 0.056666666666666664 0.0425
0 0.21388888888888888 0.7325 0.056666666666666664 0.0425
0 0.10888888888888888 0.32416666666666666 0.056666666666666664 0.0425
0 0.16111111111111112 0.5908333333333333 0.056666666666666664 0.0425
0 0.11 0.4816666666666667 0.056666666666666664 0.0425
0 0.2111111111111111 0.52 0.056666666666666664 0.0425
0 0.15777777777777777 0.20833333333333334 0.056666666666666664 0.0425
0 0.10944444444444444 0.3641666666666667 0.056666666666666664 0.0425
0 0.10666666666666667 0.5925 0.056666666666666664 0.0425
0 0.10944444444444444 0.7308333333333333 0.056666666666666664 0.0425
0 0.16111111111111112 0.6641666666666667 0.056666666666666664 0.0425
0 0.15833333333333333 0.16833333333333333 0.056666666666666664 0.0425
0 0.2088888888888889 0.20666666666666667 0.056666666666666664 0.0425
0 0.16277777777777777 0.3233333333333333 0.056666666666666664 0.0425
0 0.20944444444444443 0.44666666666666666 0.056666666666666664 0.0425
0 0.10722222222222222 0.6933333333333334 0.056666666666666664 0.0425
0 0.21055555555555555 0.25 0.056666666666666664 0.0425
0 0.15833333333333333 0.43833333333333335 0.056666666666666664 0.0425
0 0.10555555555555556 0.20916666666666667 0.056666666666666664 0.0425
0 0.10833333333333334 0.765 0.056666666666666664 0.0425
0 0.16166666666666665 0.36333333333333334 0.056666666666666664 0.0425
0 0.15944444444444444 0.5591666666666667 0.056666666666666664 0.0425
0 0.16111111111111112 0.6275 0.056666666666666664 0.0425
0 0.8894444444444445 0.08166666666666667 0.056666666666666664 0.0425
0 0.38 0.485 0.056666666666666664 0.0425
0 0.325 0.4891666666666667 0.056666666666666664 0.0425
0 0.37555555555555553 0.21916666666666668 0.056666666666666664 0.0425
0 0.32222222222222224 0.5208333333333334 0.056666666666666664 0.0425
0 0.2777777777777778 0.5991666666666666 0.056666666666666664 0.0425
0 0.3794444444444444 0.10083333333333333 0.056666666666666664 0.0425
0 0.37833333333333335 0.525 0.056666666666666664 0.0425
0 0.32611111111111113 0.4508333333333333 0.056666666666666664 0.0425
0 0.3244444444444444 0.13916666666666666 0.056666666666666664 0.0425
0 0.37555555555555553 0.7158333333333333 0.056666666666666664 0.0425
0 0.2772222222222222 0.7508333333333334 0.056666666666666664 0.0425
0 0.3761111111111111 0.5616666666666666 0.056666666666666664 0.0425
0 0.27111111111111114 0.21166666666666667 0.056666666666666664 0.0425
0 0.3238888888888889 0.10166666666666667 0.056666666666666664 0.0425
0 0.3194444444444444 0.29 0.056666666666666664 0.0425
0 0.37333333333333335 0.3275 0.056666666666666664 0.0425
0 0.325 0.5658333333333333 0.056666666666666664 0.0425
0 0.32166666666666666 0.325 0.056666666666666664 0.0425
0 0.3761111111111111 0.18583333333333332 0.056666666666666664 0.0425
0 0.3188888888888889 0.175 0.056666666666666664 0.0425
0 0.32055555555555554 0.24916666666666668 0.056666666666666664 0.0425
0 0.2783333333333333 0.715 0.056666666666666664 0.0425
0 0.8838888888888888 0.11666666666666667 0.056666666666666664 0.0425
0 0.3761111111111111 0.4025 0.056666666666666664 0.0425
0 0.3738888888888889 0.6391666666666667 0.056666666666666664 0.0425
0 0.37833333333333335 0.4483333333333333 0.056666666666666664 0.0425
0 0.2733333333333333 0.32416666666666666 0.056666666666666664 0.0425
0 0.2677777777777778 0.1725 0.056666666666666664 0.0425
0 0.44333333333333336 0.105 0.056666666666666664 0.0425
0 0.2738888888888889 0.10333333333333333 0.056666666666666664 0.0425
0 0.37666666666666665 0.36083333333333334 0.056666666666666664 0.0425
0 0.37666666666666665 0.6783333333333333 0.056666666666666664 0.0425
0 0.3244444444444444 0.6808333333333333 0.056666666666666664 0.0425
0 0.275 0.36333333333333334 0.056666666666666664 0.0425
0 0.27055555555555555 0.29 0.056666666666666664 0.0425
0 0.27555555555555555 0.485 0.056666666666666664 0.0425
0 0.32611111111111113 0.645 0.056666666666666664 0.0425
0 0.3738888888888889 0.2525 0.056666666666666664 0.0425
0 0.3283333333333333 0.7516666666666667 0.056666666666666664 0.0425
0 0.27555555555555555 0.5616666666666666 0.056666666666666664 0.0425
0 0.26944444444444443 0.1375 0.056666666666666664 0.0425
0 0.2738888888888889 0.44916666666666666 0.056666666666666664 0.0425
0 0.27555555555555555 0.4075 0.056666666666666664 0.0425
0 0.2783333333333333 0.6416666666666667 0.056666666666666664 0.0425
0 0.32222222222222224 0.215 0.056666666666666664 0.0425
0 0.32666666666666666 0.4083333333333333 0.056666666666666664 0.0425
0 0.37722222222222224 0.5966666666666667 0.056666666666666664 0.0425
0 0.4955555555555556 0.10333333333333333 0.056666666666666664 0.0425
0 0.32555555555555554 0.365 0.056666666666666664 0.0425
0 0.27944444444444444 0.675 0.056666666666666664 0.0425
0 0.3761111111111111 0.14083333333333334 0.056666666666666664 0.0425
0 0.3761111111111111 0.29083333333333333 0.056666666666666664 0.0425
0 0.2761111111111111 0.5233333333333333 0.056666666666666664 0.0425
0 0.2738888888888889 0.25416666666666665 0.056666666666666664 0.0425
0 0.3244444444444444 0.715 0.056666666666666664 0.0425
0 0.3233333333333333 0.6008333333333333 0.056666666666666664 0.0425
