0 0.18933333333333333 0.7585 0.036 0.043
0 0.10033333333333333 0.76 0.035333333333333335 0.046
0 0.144 0.759 0.03866666666666667 0.046
0 0.24 0.728 0.03333333333333333 0.044
0 0.2853333333333333 0.726 0.03333333333333333 0.046
0 0.18566666666666667 0.722 0.034 0.046
0 0.14433333333333334 0.7145 0.03666666666666667 0.047
0 0.103 0.713 0.04066666666666666 0.048
0 0.23833333333333334 0.678 0.034 0.044
0 0.143 0.67 0.038 0.048
0 0.1 0.6685 0.03866666666666667 0.045
0 0.185 0.669 0.035333333333333335 0.048
0 0.23966666666666667 0.6375 0.03266666666666666 0.043
0 0.18533333333333332 0.6245 0.034666666666666665 0.045
0 0.14166666666666666 0.626 0.038 0.048
0 0.099 0.6205 0.035333333333333335 0.045
0 0.2843333333333333 0.594 0.03666666666666667 0.046
0 0.24033333333333334 0.5895 0.03666666666666667 0.049
0 0.3253333333333333 0.5865 0.03333333333333333 0.045
0 0.10166666666666667 0.5785 0.034 0.047
0 0.18633333333333332 0.5755 0.04066666666666666 0.045
0 0.14166666666666666 0.5765 0.038 0.047
0 0.2806666666666667 0.548 0.034666666666666665 0.048
0 0.32233333333333336 0.5425 0.03933333333333333 0.047
0 0.23966666666666667 0.543 0.04066666666666666 0.052
0 0.18366666666666667 0.525 0.035333333333333335 0.048
0 0.09833333333333333 0.526 0.03666666666666667 0.05
0 0.142 0.523 0.036 0.046
0 0.3233333333333333 0.4995 0.034666666666666665 0.047
0 0.23933333333333334 0.497 0.034666666666666665 0.044
0 0.2826666666666667 0.498 0.03333333333333333 0.048
0 0.14366666666666666 0.481 0.03266666666666666 0.044
0 0.09933333333333333 0.4805 0.03866666666666667 0.045
0 0.18533333333333332 0.48 0.034666666666666665 0.046
0 0.239 0.454 0.03266666666666666 0.042
0 0.32266666666666666 0.4545 0.034666666666666665 0.045
0 0.284 0.4525 0.032 0.045
0 0.18266666666666667 0.43 0.03333333333333333 0.044
0 0.09966666666666667 0.431 0.03666666666666667 0.046
0 0.14433333333333334 0.43 0.035333333333333335 0.046
0 0.323 0.4095 0.034 0.047
0 0.2826666666666667 0.4075 0.036 0.043
0 0.241 0.4075 0.035333333333333335 0.043
0 0.13833333333333334 0.389 0.035333333333333335 0.05
0 0.18333333333333332 0.3835 0.037333333333333336 0.045
0 0.1 0.3825 0.03866666666666667 0.045
0 0.24233333333333335 0.3585 0.03133333333333333 0.039
0 0.2823333333333333 0.3555 0.03266666666666666 0.041
0 0.3243333333333333 0.3575 0.03266666666666666 0.047
0 0.42233333333333334 0.348 0.034 0.046
0 0.14 0.3415 0.036 0.047
0 0.10133333333333333 0.3405 0.036 0.047
0 0.18066666666666667 0.338 0.034666666666666665 0.044
0 0.2823333333333333 0.315 0.035333333333333335 0.046
0 0.24333333333333335 0.3145 0.036 0.049
0 0.32466666666666666 0.312 0.03333333333333333 0.046
0 0.38133333333333336 0.2925 0.032 0.041
0 0.467 0.293 0.035333333333333335 0.046
0 0.18166666666666667 0.2915 0.03666666666666667 0.045
0 0.141 0.291 0.034 0.044
0 0.10033333333333333 0.294 0.038 0.05
0 0.422 0.29 0.034666666666666665 0.044
0 0.2816666666666667 0.272 0.03266666666666666 0.046
0 0.32566666666666666 0.2695 0.03266666666666666 0.043
0 0.242 0.267 0.032 0.044
0 0.7033333333333334 0.262 0.034666666666666665 0.046
0 0.7396666666666667 0.261 0.038 0.046
0 0.14066666666666666 0.236 0.034666666666666665 0.044
0 0.182 0.233 0.034666666666666665 0.044
0 0.106 0.2295 0.04533333333333334 0.053
0 0.2803333333333333 0.224 0.03266666666666666 0.048
0 0.3273333333333333 0.221 0.036 0.048
0 0.243 0.2185 0.03266666666666666 0.043
0 0.701 0.215 0.035333333333333335 0.048
0 0.6566666666666666 0.2145 0.034666666666666665 0.047
0 0.4226666666666667 0.21 0.03333333333333333 0.042
0 0.38233333333333336 0.207 0.03133333333333333 0.038
0 0.244 0.1815 0.032 0.047
0 0.14966666666666667 0.179 0.046 0.05
0 0.2853333333333333 0.1775 0.036 0.049
0 0.7416666666666667 0.1745 0.03666666666666667 0.047
0 0.3263333333333333 0.1755 0.034 0.051
0 0.42233333333333334 0.1695 0.03266666666666666 0.041
0 0.7016666666666667 0.172 0.03266666666666666 0.048
0 0.6576666666666666 0.1725 0.038 0.051
0 0.4686666666666667 0.1665 0.032 0.039
0 0.38166666666666665 0.168 0.03266666666666666 0.042
0 0.18466666666666667 0.1665 0.04533333333333334 0.051
0 0.10366666666666667 0.157 0.04066666666666666 0.048
0 0.741 0.1315 0.034 0.047
0 0.38233333333333336 0.1275 0.03266666666666666 0.041
0 0.245 0.13 0.03666666666666667 0.046
0 0.7943333333333333 0.1285 0.042 0.047
0 0.7016666666666667 0.126 0.03266666666666666 0.042
0 0.326 0.1295 0.03333333333333333 0.049
0 0.2846666666666667 0.129 0.034666666666666665 0.048
0 0.4236666666666667 0.126 0.04066666666666666 0.044
0 0.8353333333333334 0.1275 0.04 0.049
0 0.4663333333333333 0.1255 0.04066666666666666 0.049
0 0.6543333333333333 0.1175 0.03666666666666667 0.049
0 0.2856666666666667 0.087 0.034 0.04
0 0.3263333333333333 0.0885 0.034 0.049
0 0.4683333333333333 0.088 0.042 0.05
0 0.38566666666666666 0.085 0.04066666666666666 0.05
0 0.28694444444444445 0.6833333333333333 0.03944444444444444 0.051666666666666666
0 0.32916666666666666 0.6395833333333333 0.042777777777777776 0.050833333333333335
0 0.33194444444444443 0.6758333333333333 0.042777777777777776 0.02666666666666667
0 0.24833333333333332 0.08625 0.03666666666666667 0.04583333333333333
